epoch | classifier_loss | classifier_acc | source_val_loss | source_val_acc | target_val_loss | target_val_acc | critic_loss
0 | 1.0727788133358738 | 0.7803899082568807 | 0.4346802580356598 | 0.9175 | 2.596130735397339 | 0.168 | -810.8324584960938
1 | 0.27053892735494384 | 0.9301892201834863 | 0.19278869700431825 | 0.951 | 2.4837499265670777 | 0.2225 | -89.56251525878906
2 | 0.16764891564572623 | 0.9525516055045872 | 0.13894751977920533 | 0.9615 | 2.577555377960205 | 0.2625 | 151.08639526367188
3 | 0.13028599957533932 | 0.9641628440366973 | 0.12978944963216782 | 0.961 | 3.062799186706543 | 0.2185 | 388.25897216796875
4 | 0.12067823416186035 | 0.9678899082568807 | 0.15793197154998778 | 0.9705 | 2.421954298019409 | 0.2555 | -303.158203125
5 | 0.15571455472926482 | 0.9680332568807339 | 0.1478647668361664 | 0.969 | 2.7466902503967283 | 0.216 | -1096.9822998046875
6 | 0.1408638610342227 | 0.9688933486238532 | 0.13321588307619095 | 0.973 | 2.6839813747406005 | 0.236 | -979.464111328125
7 | 0.1232325686227291 | 0.9736238532110092 | 0.14705536580085754 | 0.9685 | 2.7511122207641603 | 0.231 | -934.2872314453125
8 | 0.11380972972977052 | 0.9731938073394495 | 0.1276813477575779 | 0.9755 | 2.696170862197876 | 0.235 | -835.4144287109375
9 | 0.0997491212681346 | 0.979644495412844 | 0.10632359158992767 | 0.9745 | 2.8409605598449708 | 0.2285 | -753.6089477539062
10 | 0.08955316689856556 | 0.9805045871559633 | 0.10421534162759781 | 0.977 | 2.7356340312957763 | 0.2325 | -685.845458984375
11 | 0.07853341835696216 | 0.9836582568807339 | 0.09760000330209732 | 0.976 | 3.02594974899292 | 0.2295 | -643.0227661132812
12 | 0.07158629245919372 | 0.9859518348623854 | 0.08082966829836369 | 0.978 | 2.993347520828247 | 0.233 | -600.1248168945312
13 | 0.06319962540180038 | 0.9895355504587156 | 0.0823879855722189 | 0.9795 | 2.9888076972961426 | 0.2355 | -558.0708618164062
14 | 0.05894399193380404 | 0.9899655963302753 | 0.08689116424322128 | 0.9785 | 3.1495236034393312 | 0.2285 | -532.1607666015625
15 | 0.0530009264758694 | 0.9909690366972477 | 0.08043032515048981 | 0.9785 | 3.3506066665649414 | 0.2045 | -503.5083312988281
16 | 0.047414108213686613 | 0.9932626146788991 | 0.0768528504371643 | 0.976 | 3.1776360931396486 | 0.2195 | -479.3172607421875
17 | 0.0436180437735598 | 0.994552752293578 | 0.07077863973379135 | 0.98 | 3.4539484367370608 | 0.228 | -460.9570007324219
18 | 0.039970897719127325 | 0.9949827981651376 | 0.07877966126799583 | 0.975 | 3.511831188201904 | 0.2165 | -440.2088928222656
19 | 0.03847146567401536 | 0.9948394495412844 | 0.08664018650352955 | 0.9745 | 3.5119875564575196 | 0.2545 | -430.0899963378906
20 | 0.03516840325548835 | 0.995269495412844 | 0.0694317376613617 | 0.9785 | 3.577642276763916 | 0.2245 | -417.68585205078125
21 | 0.030436492866810855 | 0.9975630733944955 | 0.07308864548802375 | 0.9745 | 3.459572681427002 | 0.2345 | -391.147705078125
22 | 0.02951522060849388 | 0.9969896788990825 | 0.07209015554189682 | 0.9755 | 3.7773564109802247 | 0.223 | -377.4173889160156
23 | 0.027146110294062064 | 0.9975630733944955 | 0.07401514536142349 | 0.977 | 3.7852086544036867 | 0.2195 | -374.70465087890625
24 | 0.02515034630057325 | 0.9982798165137615 | 0.07775080656632781 | 0.9725 | 3.756883773803711 | 0.2195 | -354.2156677246094
25 | 0.02274205945773956 | 0.9994266055045872 | 0.0757218691855669 | 0.974 | 3.7642506141662597 | 0.2305 | -337.970703125
26 | 0.021901897287184217 | 0.9994266055045872 | 0.06888507486879826 | 0.976 | 4.08255485534668 | 0.2315 | -324.3612060546875
27 | 0.02003681220951567 | 0.9992832568807339 | 0.07090985621511936 | 0.977 | 3.9330423889160158 | 0.221 | -317.80877685546875
28 | 0.0196593967309102 | 0.9982798165137615 | 0.09068163302540778 | 0.971 | 3.998726230621338 | 0.2045 | -307.88702392578125
29 | 0.01785794273446049 | 0.9998566513761468 | 0.09191050720214844 | 0.9675 | 4.14434232711792 | 0.2155 | -299.0581970214844
30 | 0.01837881815987169 | 0.9988532110091743 | 0.07336437031440436 | 0.976 | 4.05705492401123 | 0.2215 | -289.4367370605469
31 | 0.016619411908055937 | 0.9998566513761468 | 0.07258886019140481 | 0.976 | 4.1705952033996585 | 0.223 | -284.050048828125
32 | 0.015683032922583436 | 0.9998566513761468 | 0.07361912202835083 | 0.9745 | 4.076383640289307 | 0.2235 | -272.3915100097656
33 | 0.013953837339655249 | 1.0 | 0.07769309741258622 | 0.977 | 4.121698875427246 | 0.2175 | -259.860595703125
34 | 0.014234203689330078 | 0.9995699541284404 | 0.07418586066365242 | 0.9745 | 4.380789054870606 | 0.2035 | -257.04498291015625
35 | 0.012890830977794226 | 1.0 | 0.09477138870954513 | 0.969 | 4.47669987487793 | 0.207 | -243.40069580078125
36 | 0.014204909191936801 | 0.9997133027522935 | 0.0753556238412857 | 0.976 | 4.614385204315186 | 0.2105 | -251.99729919433594
37 | 0.011540114119170455 | 0.9997133027522935 | 0.07938978230953217 | 0.9735 | 4.187656351089478 | 0.209 | -233.2066192626953
38 | 0.010731271619763259 | 1.0 | 0.07451353937387467 | 0.978 | 4.447042285919189 | 0.204 | -220.69857788085938
39 | 0.014285088412104806 | 0.9988532110091743 | 0.08174429900944233 | 0.9725 | 4.485863349914551 | 0.228 | -233.1372833251953
40 | 0.012310255694826808 | 0.9995699541284404 | 0.08433059217035771 | 0.972 | 4.980260528564453 | 0.216 | -228.0135040283203
41 | 0.010286580135729676 | 0.9998566513761468 | 0.07410563239455223 | 0.974 | 4.821782089233398 | 0.2155 | -217.5308837890625
42 | 0.011562423235864951 | 0.9995699541284404 | 0.08392871314287186 | 0.972 | 4.659090625762939 | 0.2185 | -216.67079162597656
43 | 0.009600353499857384 | 1.0 | 0.07946399076282978 | 0.972 | 4.993395877838135 | 0.21 | -195.8787078857422
44 | 0.008441132283983153 | 1.0 | 0.08367789512872696 | 0.9735 | 4.788316562652588 | 0.2115 | -189.62661743164062
45 | 0.00825986197782219 | 1.0 | 0.08562544836103916 | 0.968 | 4.874391872406006 | 0.2135 | -184.37135314941406
46 | 0.007836272262908313 | 1.0 | 0.08708919090032577 | 0.971 | 4.9326281852722165 | 0.2085 | -176.52566528320312
47 | 0.00777912609185169 | 1.0 | 0.09045633251965046 | 0.9665 | 4.835415946960449 | 0.206 | -173.2322998046875
48 | 0.007462561614341487 | 1.0 | 0.0891776487827301 | 0.971 | 4.694196617126464 | 0.208 | -169.8252410888672
49 | 0.007680180777342768 | 1.0 | 0.08244978667795658 | 0.9715 | 5.123606258392334 | 0.214 | -169.4657745361328
50 | 0.008694298503441958 | 0.9997133027522935 | 0.09548517293483019 | 0.97 | 5.223543312072754 | 0.2 | -176.37698364257812
51 | 0.0074110763914319215 | 1.0 | 0.09132336046360433 | 0.972 | 5.37115051651001 | 0.211 | -162.14505004882812
52 | 0.0070146831914509105 | 1.0 | 0.09260667565464974 | 0.9695 | 5.4453062820434575 | 0.215 | -159.59788513183594
53 | 0.029638639417340244 | 0.9922591743119266 | 0.1300871815700084 | 0.9615 | 5.045974388122558 | 0.235 | -196.6684112548828
54 | 0.033379464059931425 | 0.9892488532110092 | 0.11216260819882154 | 0.9695 | 5.924508800506592 | 0.2365 | -251.05474853515625
55 | 0.013306597265876283 | 0.9978497706422018 | 0.0840676009953022 | 0.972 | 5.065915328979492 | 0.223 | -204.61619567871094
56 | 0.006608881071261173 | 1.0 | 0.08527570593357087 | 0.974 | 4.9260032234191895 | 0.212 | -165.5854949951172
57 | 0.005774555411702449 | 1.0 | 0.08107870689034462 | 0.973 | 5.188882606506348 | 0.21 | -152.50205993652344
58 | 0.005438257257642071 | 1.0 | 0.0885860669016838 | 0.9705 | 5.139103393554688 | 0.208 | -147.29397583007812
59 | 0.0051485442539352345 | 1.0 | 0.0859985426645726 | 0.9735 | 5.216450172424317 | 0.2035 | -141.10348510742188
60 | 0.004999223427949558 | 1.0 | 0.09277018383145333 | 0.9695 | 5.1220951156616215 | 0.206 | -137.80149841308594
61 | 0.004885220578700783 | 1.0 | 0.09900384970009327 | 0.969 | 5.406699531555176 | 0.199 | -133.57069396972656
62 | 0.0047917750721728995 | 1.0 | 0.08850803177058697 | 0.9715 | 5.425765798568726 | 0.2015 | -131.023681640625
63 | 0.004725953442292339 | 1.0 | 0.09649083171784878 | 0.9675 | 5.242293491363525 | 0.1975 | -129.287353515625
64 | 0.004738609477399139 | 1.0 | 0.10350108295679092 | 0.968 | 5.490688529968262 | 0.201 | -125.59051513671875
65 | 0.004409683548947881 | 1.0 | 0.09735164502263069 | 0.968 | 5.392317855834961 | 0.1985 | -123.73381042480469
66 | 0.004521288599289202 | 1.0 | 0.08997155265510082 | 0.9695 | 5.7597002639770505 | 0.199 | -119.1626968383789
67 | 0.004915601892157569 | 1.0 | 0.09273694011569023 | 0.971 | 5.664997394561768 | 0.196 | -125.25567626953125
68 | 0.0041646499938647686 | 1.0 | 0.09164429503679275 | 0.9685 | 5.562479202270508 | 0.2015 | -117.90906524658203
69 | 0.004030433658578801 | 1.0 | 0.09548813787102699 | 0.9675 | 5.564111179351807 | 0.1955 | -114.1367416381836
70 | 0.004281655684489449 | 1.0 | 0.09860804376006127 | 0.9705 | 5.669530780792236 | 0.201 | -115.67728424072266
71 | 0.0042392748959123264 | 1.0 | 0.09342896762443706 | 0.9715 | 5.910034553527832 | 0.1985 | -111.8126220703125
72 | 0.06666661071945665 | 0.9825114678899083 | 0.16140199870336802 | 0.9635 | 8.42117098236084 | 0.2095 | -218.2828826904297
73 | 0.06006266072006905 | 0.9826548165137615 | 0.1439639552840963 | 0.962 | 6.773314640045166 | 0.206 | -272.5491638183594
74 | 0.01713206001115245 | 0.9946961009174312 | 0.10867409880459308 | 0.9695 | 5.846339580535889 | 0.2125 | -187.76502990722656
75 | 0.0058200267058639114 | 0.9995699541284404 | 0.09250114962458611 | 0.9715 | 5.8435036277771 | 0.2045 | -153.02894592285156
76 | 0.004480463428072495 | 1.0 | 0.09352025945670903 | 0.9715 | 5.6825292129516605 | 0.2005 | -137.58396911621094
77 | 0.004166945933637748 | 1.0 | 0.10149850969016552 | 0.9695 | 5.440675355911255 | 0.2 | -126.78482818603516
78 | 0.004143672063946724 | 1.0 | 0.10212929098308086 | 0.968 | 5.599859786987305 | 0.195 | -118.86740112304688
79 | 0.0039666632255496576 | 1.0 | 0.09779653022065758 | 0.9725 | 5.692356643676757 | 0.199 | -115.70651245117188
80 | 0.00392913975573461 | 1.0 | 0.10241374186798931 | 0.9695 | 5.780024253845215 | 0.195 | -111.9571533203125
81 | 0.0037588933381303255 | 1.0 | 0.09344867339730263 | 0.971 | 5.67354842376709 | 0.197 | -111.70968627929688
82 | 0.0036367180846939118 | 1.0 | 0.09539174376055598 | 0.972 | 5.645593683242798 | 0.1995 | -107.42286682128906
83 | 0.0035978830045670135 | 1.0 | 0.1008105757534504 | 0.969 | 5.653973121643066 | 0.2005 | -104.89655303955078
84 | 0.003455870450525587 | 1.0 | 0.10195291308313609 | 0.969 | 5.672365772247314 | 0.197 | -103.05033874511719
85 | 0.003372514209231584 | 1.0 | 0.104584064014256 | 0.968 | 5.603767627716064 | 0.1985 | -101.38479614257812
86 | 0.003246121513315502 | 1.0 | 0.1049528094381094 | 0.9665 | 5.78154428100586 | 0.1985 | -100.02615356445312
87 | 0.0034834242558294754 | 1.0 | 0.10453866389393807 | 0.968 | 5.660059463500977 | 0.1935 | -98.12659454345703
88 | 0.003351654311099491 | 1.0 | 0.10624284681677819 | 0.9675 | 5.885368385314941 | 0.194 | -96.94200134277344
89 | 0.0031283172883452216 | 1.0 | 0.10476620158553124 | 0.966 | 5.800582599639893 | 0.2035 | -95.4609603881836
90 | 0.0031273775032311336 | 1.0 | 0.10521431785821915 | 0.9685 | 5.925838932037354 | 0.193 | -93.2918701171875
91 | 0.0030863980875871734 | 1.0 | 0.10405821624398232 | 0.9695 | 5.661359169006348 | 0.194 | -91.99462890625
92 | 0.0030215242471750997 | 1.0 | 0.11380309608578681 | 0.9675 | 5.893784111022949 | 0.1925 | -90.6334228515625
93 | 0.003241659781827224 | 1.0 | 0.11218374416232109 | 0.9685 | 5.923032451629639 | 0.208 | -91.58881378173828
94 | 0.003029011581370761 | 1.0 | 0.13520899936556816 | 0.9595 | 5.932644096374512 | 0.1845 | -88.48175048828125
95 | 0.003172209736017442 | 1.0 | 0.12019505858421325 | 0.965 | 6.427270210266113 | 0.2 | -91.89566040039062
96 | 0.0028715306645207997 | 1.0 | 0.10741211238503456 | 0.968 | 5.890022951126099 | 0.1965 | -86.97109985351562
97 | 0.0029012506892861917 | 1.0 | 0.11046930637955665 | 0.97 | 6.172504333496094 | 0.2 | -85.94347381591797
98 | 0.0028793357137522294 | 1.0 | 0.11940478390455246 | 0.9625 | 6.13022675704956 | 0.204 | -87.56959533691406
99 | 0.0031970247112047953 | 1.0 | 0.11912739613652229 | 0.9645 | 6.3567783126831054 | 0.211 | -85.83992767333984
100 | 0.07318707019634814 | 0.9790711009174312 | 0.23489506950974465 | 0.951 | 6.67420397567749 | 0.2005 | -227.38433837890625
101 | 0.05357916896293418 | 0.981651376146789 | 0.11359394339099527 | 0.9745 | 6.733548030853272 | 0.215 | -254.57037353515625
102 | 0.008299770715343125 | 0.9978497706422018 | 0.10040460620936938 | 0.97 | 6.217845573425293 | 0.2145 | -161.5001220703125
103 | 0.004799175852110797 | 0.9995699541284404 | 0.10230909436941146 | 0.9735 | 6.4565911254882815 | 0.204 | -135.6982421875
104 | 0.004225861652831145 | 1.0 | 0.09933854639530182 | 0.971 | 5.964056491851807 | 0.2025 | -117.5922622680664
105 | 0.0035473470690386764 | 1.0 | 0.10629398488998414 | 0.973 | 6.040005432128906 | 0.2035 | -110.29356384277344
106 | 0.0035255786881636863 | 0.9998566513761468 | 0.10520812928676605 | 0.9715 | 6.019928962707519 | 0.2 | -101.50689697265625
107 | 0.0032122636122048037 | 1.0 | 0.11152576681226492 | 0.9725 | 6.217429573059082 | 0.197 | -100.975341796875
108 | 0.0031340696972820465 | 1.0 | 0.11243026605248452 | 0.9705 | 6.152889038085937 | 0.2025 | -94.7138900756836
109 | 0.0029277655140095213 | 1.0 | 0.10724193279445171 | 0.9715 | 6.0903857192993165 | 0.2055 | -91.14276123046875
110 | 0.0028858291377193814 | 1.0 | 0.10942749635875225 | 0.971 | 6.047919124603271 | 0.2005 | -88.58940887451172
111 | 0.002733321974711886 | 1.0 | 0.11127904854528606 | 0.9705 | 6.164347030639648 | 0.2015 | -86.0822525024414
112 | 0.002774116233388526 | 1.0 | 0.11316129196435214 | 0.9715 | 5.999379734039307 | 0.1965 | -83.72305297851562
113 | 0.0026867534284941304 | 1.0 | 0.11252514161914587 | 0.969 | 6.221833423614502 | 0.1965 | -81.80105590820312
114 | 0.0026705206351551234 | 1.0 | 0.1167686504740268 | 0.9695 | 6.274611854553223 | 0.196 | -80.40453338623047
115 | 0.0026373756278323334 | 1.0 | 0.11906730596534908 | 0.9685 | 6.169291648864746 | 0.194 | -79.02677917480469
116 | 0.0025921321256137495 | 1.0 | 0.11792743796110153 | 0.9635 | 6.055465171813965 | 0.1935 | -76.78396606445312
117 | 0.002582841382977134 | 1.0 | 0.11868981547653674 | 0.9665 | 6.313325012207032 | 0.1945 | -76.31036376953125
118 | 0.0024541779747019187 | 1.0 | 0.12434204655140638 | 0.9635 | 6.241602760314941 | 0.1955 | -74.70911407470703
119 | 0.0024802048397976734 | 1.0 | 0.12008490391168744 | 0.9655 | 6.313465034484863 | 0.189 | -73.81024169921875
120 | 0.0025188490901133813 | 1.0 | 0.11960093440115452 | 0.9675 | 6.543349937438965 | 0.1935 | -73.10718536376953
121 | 0.0023033684055500346 | 1.0 | 0.12449260285496712 | 0.968 | 6.440432331085205 | 0.1965 | -72.8487548828125
122 | 0.002426250345381233 | 1.0 | 0.12234432449936866 | 0.968 | 6.338721782684326 | 0.1945 | -71.98849487304688
123 | 0.002609833568460607 | 1.0 | 0.13021388798207045 | 0.9665 | 6.902665023803711 | 0.196 | -73.69778442382812
124 | 0.002379031697023284 | 1.0 | 0.12047834357619286 | 0.965 | 6.511056774139404 | 0.196 | -72.31230163574219
125 | 0.0025824945272638574 | 1.0 | 0.1349254580885172 | 0.966 | 7.13656519317627 | 0.199 | -74.13111114501953
126 | 0.0027077917018670317 | 1.0 | 0.13483116169273854 | 0.968 | 7.057567283630371 | 0.2015 | -76.09044647216797
127 | 0.07023068817456278 | 0.982368119266055 | 0.16326085510104896 | 0.963 | 6.746194149017334 | 0.2195 | -218.2178955078125
128 | 0.041474915389932795 | 0.9865252293577982 | 0.13055907507240772 | 0.9665 | 6.492649909973145 | 0.2195 | -200.49163818359375
129 | 0.012409785264193021 | 0.9959862385321101 | 0.09566128881089389 | 0.9715 | 7.017287349700927 | 0.216 | -162.12982177734375
130 | 0.005307766158452018 | 0.9995699541284404 | 0.11770767605304717 | 0.963 | 6.6822476501464845 | 0.213 | -123.35530090332031
131 | 0.004986418081648272 | 0.9994266055045872 | 0.09982317066192627 | 0.971 | 6.445749683380127 | 0.2045 | -114.68939971923828
132 | 0.0033186526388066626 | 1.0 | 0.10233832719922066 | 0.9715 | 6.518309253692627 | 0.2 | -96.8826904296875
133 | 0.003021074832767385 | 1.0 | 0.1037995954155922 | 0.968 | 6.352611301422119 | 0.1965 | -87.6902084350586
134 | 0.002746532445799115 | 1.0 | 0.11127116017043591 | 0.968 | 6.1252355461120604 | 0.1925 | -83.95849609375
135 | 0.0027684982312809027 | 1.0 | 0.11274356363015249 | 0.9655 | 6.099596153259277 | 0.1915 | -80.40509033203125
136 | 0.0027204465896420935 | 1.0 | 0.10828828048706055 | 0.9675 | 6.273675479888916 | 0.193 | -77.57044982910156
137 | 0.0025341169579689384 | 1.0 | 0.11208830537647009 | 0.9665 | 6.1067171478271485 | 0.196 | -76.06526184082031
138 | 0.002541012296756439 | 1.0 | 0.10988100639730691 | 0.968 | 6.269003036499023 | 0.191 | -74.13774108886719
139 | 0.002451838935627132 | 1.0 | 0.11951270101219416 | 0.963 | 6.320629512786865 | 0.1875 | -72.30272674560547
140 | 0.0024907289381532016 | 1.0 | 0.1158846617937088 | 0.9655 | 6.37376496887207 | 0.194 | -71.21678924560547
141 | 0.0023089343951075173 | 1.0 | 0.11661649297922849 | 0.966 | 6.425082580566406 | 0.1885 | -70.15348052978516
142 | 0.0022931131902748907 | 1.0 | 0.11517387257516384 | 0.968 | 6.641581047058105 | 0.189 | -68.67928314208984
143 | 0.0022648847603170767 | 1.0 | 0.11170707163214684 | 0.968 | 6.594325492858887 | 0.1905 | -67.55956268310547
144 | 0.002220010348604223 | 1.0 | 0.12038119060732425 | 0.9655 | 6.832178199768067 | 0.1875 | -67.01931762695312
145 | 0.002265560046081867 | 1.0 | 0.12293135051429271 | 0.966 | 6.8737652854919435 | 0.1855 | -65.06619262695312
146 | 0.0021537605378298312 | 1.0 | 0.11904109461605548 | 0.964 | 6.698444244384766 | 0.1905 | -67.48516845703125
147 | 0.0020202847828857872 | 1.0 | 0.12119876906275749 | 0.967 | 6.801298942565918 | 0.191 | -64.5959701538086
148 | 0.002042375246774183 | 1.0 | 0.12707069612294436 | 0.965 | 6.748697940826416 | 0.1865 | -62.56721115112305
149 | 0.0020091942860744894 | 1.0 | 0.12808538538217545 | 0.9645 | 6.697242424011231 | 0.1865 | -62.170997619628906
150 | 0.041018629846069105 | 0.9876720183486238 | 0.15629133561812342 | 0.961 | 7.222142955780029 | 0.214 | -152.95570373535156
151 | 0.041614294767437436 | 0.9869552752293578 | 0.1452148006260395 | 0.968 | 8.014984550476074 | 0.2055 | -185.45228576660156
152 | 0.014720498718248697 | 0.9959862385321101 | 0.10408617506921292 | 0.9675 | 7.402007102966309 | 0.2 | -137.85585021972656
153 | 0.005707644845050367 | 0.9984231651376146 | 0.10156496110558509 | 0.9675 | 6.509210456848145 | 0.207 | -110.20840454101562
154 | 0.0039410869027018 | 0.9997133027522935 | 0.10494302044063807 | 0.9705 | 6.748095558166504 | 0.209 | -93.18852996826172
155 | 0.003240279827177217 | 1.0 | 0.10082156536914408 | 0.969 | 6.243870613098145 | 0.197 | -83.68392181396484
156 | 0.002870478830727484 | 1.0 | 0.10438303513079882 | 0.9705 | 6.210001022338867 | 0.196 | -77.1058578491211
157 | 0.0027185336744344427 | 1.0 | 0.1078576682806015 | 0.9665 | 6.1503113212585445 | 0.1905 | -72.87405395507812
158 | 0.00251836679852354 | 1.0 | 0.10641791784763337 | 0.9695 | 6.325292259216309 | 0.1915 | -69.95601654052734
159 | 0.002409056195916625 | 1.0 | 0.10827816870808601 | 0.968 | 6.252529426574707 | 0.1875 | -67.90133666992188
160 | 0.0023489452817332035 | 1.0 | 0.10881450013816357 | 0.969 | 6.398225036621094 | 0.1945 | -65.37459564208984
161 | 0.0023021487094068882 | 1.0 | 0.10505936732888221 | 0.9685 | 6.454803310394287 | 0.191 | -64.22077178955078
162 | 0.002281785503119538 | 1.0 | 0.10956754145026207 | 0.969 | 6.452136112213135 | 0.193 | -63.002716064453125
163 | 0.002375385750975853 | 1.0 | 0.11158622475713491 | 0.969 | 6.390528774261474 | 0.188 | -64.92009735107422
164 | 0.002104762188637407 | 1.0 | 0.11690065738558769 | 0.9695 | 6.493814140319825 | 0.191 | -60.8555908203125
165 | 0.0020553497549513815 | 1.0 | 0.11015209630131721 | 0.968 | 6.619108135223389 | 0.189 | -60.09702682495117
166 | 0.001987556006263839 | 1.0 | 0.11137858571112155 | 0.9645 | 6.473831748962402 | 0.1925 | -58.294647216796875
167 | 0.0019471289118999666 | 1.0 | 0.11678562378883361 | 0.9655 | 6.573204940795899 | 0.1895 | -56.80210876464844
168 | 0.0018996872278058542 | 1.0 | 0.11490497137606144 | 0.964 | 6.582269027709961 | 0.1915 | -56.79231262207031
169 | 0.0018664407800165338 | 1.0 | 0.11941201940178871 | 0.965 | 6.599633827209472 | 0.19 | -55.187259674072266
170 | 0.0018033874098322602 | 1.0 | 0.12233845356106758 | 0.963 | 6.497641368865967 | 0.1925 | -54.1148796081543
171 | 0.001846337501908046 | 1.0 | 0.12623648063093423 | 0.9605 | 6.507427627563477 | 0.1905 | -53.165672302246094
172 | 0.0017198500871752312 | 1.0 | 0.12011146272718906 | 0.965 | 6.696818450927735 | 0.1865 | -53.21693801879883
173 | 0.0017024066300268088 | 1.0 | 0.12482257184386253 | 0.963 | 6.761319038391114 | 0.187 | -51.49401092529297
174 | 0.0016879294809368397 | 1.0 | 0.12653066846728325 | 0.964 | 6.898927398681641 | 0.1845 | -51.67287826538086
175 | 0.0016338004150701294 | 1.0 | 0.12290240401029587 | 0.9645 | 6.9016362495422365 | 0.1895 | -50.39207458496094
176 | 0.0016258640173147645 | 1.0 | 0.11867767016589642 | 0.966 | 6.987517139434814 | 0.1885 | -50.526824951171875
177 | 0.0016170971585787969 | 1.0 | 0.12831111209094526 | 0.9615 | 7.053485107421875 | 0.1875 | -49.878456115722656
178 | 0.0015960837631067688 | 1.0 | 0.13091344792768358 | 0.9635 | 6.7404147872924804 | 0.194 | -48.488380432128906
179 | 0.004032752897303099 | 0.9992832568807339 | 0.27030559135973453 | 0.945 | 8.392455574035644 | 0.1985 | -55.778175354003906
180 | 0.10100777960706016 | 0.974197247706422 | 0.2215223862119019 | 0.958 | 8.755820503234863 | 0.2015 | -260.194091796875
181 | 0.015936044387905787 | 0.994552752293578 | 0.14398094876110554 | 0.966 | 9.32158073425293 | 0.202 | -167.8640899658203
182 | 0.008667032449712352 | 0.997276376146789 | 0.1355246700104326 | 0.967 | 8.988479370117188 | 0.197 | -121.44053649902344
183 | 0.008260611395048268 | 0.9975630733944955 | 0.10527333154529334 | 0.9685 | 8.346194538116455 | 0.1985 | -113.80796813964844
184 | 0.005184270020694752 | 0.9985665137614679 | 0.12176519435457886 | 0.9685 | 7.914490394592285 | 0.208 | -97.78042602539062
185 | 0.0035535549860310936 | 0.9994266055045872 | 0.11078806415200233 | 0.9645 | 7.33710481262207 | 0.192 | -80.60691833496094
186 | 0.0023942932322591442 | 1.0 | 0.13448048670589924 | 0.962 | 7.187402801513672 | 0.195 | -69.25917053222656
187 | 0.0022140762105438893 | 1.0 | 0.11755748239159584 | 0.9655 | 6.998394458770752 | 0.192 | -63.836544036865234
188 | 0.0020604780907187304 | 1.0 | 0.11925877470895647 | 0.9665 | 6.894325271606445 | 0.1945 | -60.866878509521484
189 | 0.0019498801175526284 | 1.0 | 0.11956620131712407 | 0.965 | 6.897519687652588 | 0.1975 | -59.10805892944336
190 | 0.0019092748922599188 | 1.0 | 0.11827078692615033 | 0.965 | 6.841488899230957 | 0.1935 | -57.10176086425781
191 | 0.0018886730644676766 | 1.0 | 0.11640809066593646 | 0.965 | 6.936290718078613 | 0.191 | -55.57044982910156
192 | 0.0018686783513900131 | 1.0 | 0.11992641875706612 | 0.965 | 6.862059288024902 | 0.1925 | -55.065025329589844
193 | 0.001799185969653206 | 1.0 | 0.11974977845698595 | 0.9635 | 6.857125827789306 | 0.1905 | -52.74536895751953
194 | 0.0017821716738505922 | 1.0 | 0.12356269036233425 | 0.964 | 6.776562900543213 | 0.1895 | -51.83538055419922
195 | 0.0017224734963063116 | 1.0 | 0.12227881374955177 | 0.963 | 6.923250965118408 | 0.19 | -50.4694709777832
196 | 0.0017137894462452296 | 1.0 | 0.12022341920435428 | 0.9665 | 7.021916263580322 | 0.191 | -49.7503547668457
197 | 0.001647158886878452 | 1.0 | 0.12125456696748733 | 0.9645 | 6.9918414459228515 | 0.19 | -49.009361267089844
198 | 0.0016265522492109636 | 1.0 | 0.12170116823911667 | 0.9645 | 7.027250675201416 | 0.1905 | -47.948143005371094
199 | 0.0015823359733635406 | 1.0 | 0.12434293794631958 | 0.9625 | 6.984574554443359 | 0.191 | -47.89470291137695
200 | 0.0015412840817055297 | 1.0 | 0.1251618449687958 | 0.962 | 6.980284217834472 | 0.1925 | -46.92146301269531
201 | 0.0015185567995729865 | 1.0 | 0.1291114302277565 | 0.962 | 7.012236999511718 | 0.1905 | -46.51840591430664
202 | 0.0014979409474725708 | 1.0 | 0.1256165349781513 | 0.9625 | 6.957038063049317 | 0.1925 | -45.75202560424805
203 | 0.001482582100508991 | 1.0 | 0.13005916967988015 | 0.9635 | 7.040886093139648 | 0.191 | -44.5966796875
204 | 0.0014317668547187377 | 1.0 | 0.12538414768874645 | 0.965 | 7.120211868286133 | 0.1885 | -44.58829116821289
205 | 0.0014134392269391464 | 1.0 | 0.12851301926374437 | 0.964 | 7.083119701385498 | 0.191 | -43.33676528930664
206 | 0.001409549729091141 | 1.0 | 0.12706677769124508 | 0.965 | 7.024480346679687 | 0.1925 | -43.33082962036133
207 | 0.0013882918758616877 | 1.0 | 0.13757702696323396 | 0.9615 | 7.188435955047607 | 0.1905 | -42.2840576171875
208 | 0.001441670374767513 | 1.0 | 0.13035374761838467 | 0.9665 | 7.408930610656738 | 0.191 | -43.181617736816406
209 | 0.001316724521046026 | 1.0 | 0.12975740756094456 | 0.966 | 7.207587753295899 | 0.191 | -42.19548034667969
210 | 0.001374678165863328 | 1.0 | 0.1382260470446199 | 0.9635 | 7.1540781669616695 | 0.19 | -41.273197174072266
211 | 0.0013758768968352485 | 1.0 | 0.13009094858169556 | 0.963 | 7.226048805236816 | 0.189 | -43.00081253051758
212 | 0.0013869815445163314 | 1.0 | 0.1541384483873844 | 0.9615 | 7.495484016418457 | 0.189 | -41.979000091552734
213 | 0.0774909273533876 | 0.9850917431192661 | 0.3927307342840359 | 0.9455 | 7.413091567993164 | 0.1865 | -177.75885009765625
214 | 0.048428104734998124 | 0.9878153669724771 | 0.1762445589900017 | 0.965 | 8.39410615158081 | 0.214 | -204.4460906982422
215 | 0.013054488322693842 | 0.9954128440366973 | 0.1666256507607177 | 0.9615 | 8.390425003051758 | 0.2215 | -139.63458251953125
216 | 0.005702274418948645 | 0.9981364678899083 | 0.11614114850759506 | 0.965 | 8.28590626525879 | 0.2035 | -105.94247436523438
217 | 0.005264229170479833 | 0.9987098623853211 | 0.12600794537365437 | 0.9675 | 8.371413871765137 | 0.2 | -89.95584869384766
218 | 0.004673708482645986 | 0.9991399082568807 | 0.12037178622931242 | 0.9685 | 8.36544186782837 | 0.1955 | -82.20907592773438
219 | 0.0019259669348317702 | 0.9998566513761468 | 0.11997528538107873 | 0.9655 | 7.766759365081787 | 0.188 | -67.75552368164062
220 | 0.001752537789214146 | 1.0 | 0.12968490588665008 | 0.964 | 7.416405124664307 | 0.1885 | -60.10106658935547
221 | 0.0018520436819467626 | 1.0 | 0.1321405570805073 | 0.965 | 7.230345199584961 | 0.188 | -54.772674560546875
222 | 0.001672079539409232 | 1.0 | 0.13302716145291923 | 0.9635 | 7.313542400360108 | 0.1885 | -53.38145065307617
223 | 0.0016647023418512401 | 1.0 | 0.13597691115178168 | 0.9635 | 7.263599964141846 | 0.188 | -51.220394134521484
224 | 0.0015400860345401212 | 1.0 | 0.13900748362392187 | 0.9625 | 7.237208877563477 | 0.184 | -50.144813537597656
225 | 0.0015465700945500797 | 1.0 | 0.14074508602637797 | 0.961 | 7.140587524414062 | 0.1865 | -47.390193939208984
226 | 0.0014765667526153933 | 1.0 | 0.14070555129647255 | 0.961 | 7.118686637878418 | 0.1875 | -46.862525939941406
227 | 0.0014857254511732266 | 1.0 | 0.13874023602902888 | 0.964 | 7.1540588722229 | 0.1855 | -45.79824447631836
228 | 0.0014310645720806109 | 1.0 | 0.1396971387565136 | 0.964 | 7.2374482421875 | 0.188 | -44.734683990478516
229 | 0.001402336152466954 | 1.0 | 0.14532393223047257 | 0.961 | 7.10466608428955 | 0.1885 | -43.55327224731445
230 | 0.0013631922574692465 | 1.0 | 0.14250180591270328 | 0.9615 | 7.215628372192382 | 0.184 | -42.76599884033203
231 | 0.0013576461725287275 | 1.0 | 0.14001352182030677 | 0.964 | 7.280223258972168 | 0.186 | -42.36600112915039
232 | 0.0013432191856261 | 1.0 | 0.14217438054084777 | 0.9605 | 7.275554138183594 | 0.1885 | -41.73606491088867
233 | 0.0013395314806551083 | 1.0 | 0.13859972342848778 | 0.961 | 7.237712497711182 | 0.188 | -41.28948211669922
234 | 0.0013039030178467136 | 1.0 | 0.14797783690318464 | 0.9595 | 7.222793376922607 | 0.185 | -40.68632888793945
235 | 0.0012695647024767423 | 1.0 | 0.1439163999632001 | 0.9595 | 7.175057708740234 | 0.1875 | -40.0819206237793
236 | 0.0012509268201212611 | 1.0 | 0.14427283465862273 | 0.9595 | 7.243429195404053 | 0.1885 | -39.47582244873047
237 | 0.0012518273065199887 | 1.0 | 0.15691769051551818 | 0.959 | 7.193308116912842 | 0.1885 | -38.57442092895508
238 | 0.001215031404697567 | 1.0 | 0.14019116500020026 | 0.96 | 7.1801793594360355 | 0.189 | -38.62492370605469
239 | 0.0012221808252651073 | 1.0 | 0.1456890197992325 | 0.9615 | 7.098127414703369 | 0.188 | -38.10232925415039
240 | 0.0012568783446497054 | 1.0 | 0.145909836165607 | 0.9625 | 7.490798110961914 | 0.189 | -37.43886184692383
241 | 0.0013018733639710096 | 1.0 | 0.1453764373809099 | 0.961 | 7.346143173217773 | 0.189 | -38.182193756103516
242 | 0.001174166409561513 | 1.0 | 0.14503346280753612 | 0.961 | 7.235585174560547 | 0.187 | -37.079620361328125
243 | 0.0011676698143448716 | 1.0 | 0.14933888545632362 | 0.9595 | 7.2673839149475095 | 0.1905 | -35.61119079589844
244 | 0.0011398105899730715 | 1.0 | 0.14919156414270401 | 0.9565 | 7.249300956726074 | 0.186 | -35.92836380004883
245 | 0.0011340897717756655 | 1.0 | 0.15282510340213776 | 0.9565 | 7.31548934173584 | 0.184 | -34.93144226074219
246 | 0.001117050461898293 | 1.0 | 0.14814415494352579 | 0.9585 | 7.415303760528564 | 0.1905 | -34.38763427734375
247 | 0.001101670278622897 | 1.0 | 0.15911259646713732 | 0.955 | 7.484686637878418 | 0.1895 | -34.434722900390625
248 | 0.0011307876762707606 | 1.0 | 0.14433848384022713 | 0.9615 | 7.728995491027832 | 0.191 | -34.57402801513672
249 | 0.0012227364235297016 | 1.0 | 0.17649559492990374 | 0.954 | 7.55512158203125 | 0.1965 | -35.77931213378906
250 | 0.10021235650424387 | 0.9813646788990825 | 0.2663349978131737 | 0.9625 | 10.770814994812012 | 0.2165 | -217.72996520996094
251 | 0.04952289605566333 | 0.9865252293577982 | 0.14861586763965898 | 0.97 | 8.823882453918458 | 0.207 | -211.26441955566406
252 | 0.007944412921552537 | 0.997276376146789 | 0.14154216844029724 | 0.9675 | 10.743394309997559 | 0.1945 | -146.02310180664062
253 | 0.00552831056811222 | 0.9981364678899083 | 0.13141785499453545 | 0.969 | 9.93073013305664 | 0.1895 | -99.2914810180664
254 | 0.003289832125161294 | 0.9988532110091743 | 0.1524187261015177 | 0.9625 | 9.085307472229005 | 0.185 | -89.68318176269531
255 | 0.004039126441674761 | 0.9987098623853211 | 0.17127167062833906 | 0.961 | 9.375417640686035 | 0.1895 | -82.62750244140625
256 | 0.003916210875221113 | 0.9989965596330275 | 0.1314320324510336 | 0.965 | 9.093785606384277 | 0.179 | -87.6533203125
257 | 0.002672487422086965 | 0.9998566513761468 | 0.12727161451801658 | 0.967 | 8.790941528320312 | 0.187 | -70.38563537597656
258 | 0.001688854199311634 | 0.9998566513761468 | 0.13468205508217215 | 0.969 | 8.763293746948243 | 0.181 | -66.10986328125
259 | 0.0017990108935585366 | 1.0 | 0.1335422612130642 | 0.9655 | 8.385123306274414 | 0.183 | -56.78258514404297
260 | 0.0014436904054216254 | 1.0 | 0.1539157400727272 | 0.958 | 7.973542488098144 | 0.1785 | -52.436553955078125
261 | 0.0014729820599847841 | 1.0 | 0.1529684247970581 | 0.961 | 7.899527442932129 | 0.1785 | -48.49563217163086
262 | 0.0014432648281190851 | 1.0 | 0.1562174748852849 | 0.96 | 7.725074954986573 | 0.1815 | -46.50855255126953
263 | 0.001457269929366511 | 1.0 | 0.15598206344246865 | 0.956 | 7.748007461547852 | 0.1765 | -43.94348907470703
264 | 0.0013794512119477426 | 1.0 | 0.1523280770033598 | 0.96 | 7.6773274078369145 | 0.177 | -42.509796142578125
265 | 0.001350724285707698 | 1.0 | 0.15902042093873023 | 0.958 | 7.65992924118042 | 0.1775 | -41.392208099365234
266 | 0.001327562780832923 | 1.0 | 0.14513714146614073 | 0.959 | 7.740865470886231 | 0.1795 | -40.81788635253906
267 | 0.0013174547751352978 | 1.0 | 0.15262391728162766 | 0.957 | 7.583939033508301 | 0.179 | -39.97636032104492
268 | 0.0012692667972702327 | 1.0 | 0.15378009644150734 | 0.959 | 7.576469783782959 | 0.18 | -38.75632095336914
269 | 0.0012430298572551424 | 1.0 | 0.16209600058197976 | 0.9555 | 7.578481159210205 | 0.181 | -38.52053451538086
270 | 0.0012368962121700202 | 1.0 | 0.16064107270538808 | 0.9585 | 7.57007396697998 | 0.1775 | -37.65406036376953
271 | 0.0012106336364864345 | 1.0 | 0.15916085451841355 | 0.955 | 7.571464401245117 | 0.1805 | -37.861427307128906
272 | 0.0011981014755592947 | 1.0 | 0.16445563519001008 | 0.954 | 7.573178539276123 | 0.18 | -36.63633346557617
273 | 0.0011892117764971673 | 1.0 | 0.15231550737656652 | 0.955 | 7.708543464660645 | 0.18 | -36.27386474609375
274 | 0.0011441296923995325 | 1.0 | 0.1583377723833546 | 0.9535 | 7.570541801452637 | 0.1805 | -35.64408874511719
275 | 0.0011609122792574996 | 1.0 | 0.15439102375507355 | 0.9565 | 7.599287780761719 | 0.183 | -35.16035461425781
276 | 0.001120499189977252 | 1.0 | 0.1573637740742415 | 0.9545 | 7.694115001678467 | 0.181 | -34.62997055053711
277 | 0.0011228312040815864 | 1.0 | 0.16083344745635986 | 0.956 | 7.705673332214356 | 0.1815 | -33.522743225097656
278 | 0.0010693324056941025 | 1.0 | 0.16511345013603568 | 0.952 | 7.600524993896484 | 0.179 | -33.75406265258789
279 | 0.0010835611057967596 | 1.0 | 0.15939262115955352 | 0.9525 | 7.699066329956055 | 0.18 | -33.20615005493164
280 | 0.0010982673175188654 | 1.0 | 0.156169789750129 | 0.9545 | 7.8507427291870115 | 0.1825 | -32.96435546875
281 | 0.0010756868634099533 | 1.0 | 0.16882598507404328 | 0.95 | 7.687168186187744 | 0.1765 | -32.65298843383789
282 | 0.0010597770924171553 | 1.0 | 0.16307691806554794 | 0.9535 | 7.823809055328369 | 0.1805 | -32.8321647644043
283 | 0.0010362659917969189 | 1.0 | 0.1589579232931137 | 0.9535 | 7.602558620452881 | 0.181 | -32.40898132324219
284 | 0.0010085248008131161 | 1.0 | 0.16781225037574768 | 0.95 | 7.927461818695068 | 0.182 | -31.293821334838867
285 | 0.0010119524961679216 | 1.0 | 0.15971948009729386 | 0.9525 | 7.834944580078125 | 0.181 | -30.978200912475586
286 | 0.001016022969376928 | 1.0 | 0.17136120417900383 | 0.951 | 7.965244079589843 | 0.1825 | -30.657413482666016
287 | 0.000982601255650521 | 1.0 | 0.16098819768428801 | 0.952 | 7.925907531738281 | 0.1785 | -30.603317260742188
288 | 0.0010276720082118185 | 1.0 | 0.16773782163858414 | 0.949 | 7.82549789428711 | 0.1815 | -31.12734031677246
289 | 0.11378997329505958 | 0.9807912844036697 | 0.25034150091558693 | 0.9595 | 11.357531204223633 | 0.213 | -226.61505126953125
290 | 0.0326647810056012 | 0.992545871559633 | 0.14329285133327357 | 0.9705 | 10.64887907409668 | 0.206 | -216.3358917236328
291 | 0.010180279713117545 | 0.9971330275229358 | 0.1356197520196438 | 0.967 | 10.289347930908203 | 0.1985 | -153.6941375732422
292 | 0.005808391461735674 | 0.9984231651376146 | 0.14459236428700387 | 0.9645 | 9.502337882995606 | 0.192 | -113.33068084716797
293 | 0.0033092179918631543 | 0.9987098623853211 | 0.13969720041751862 | 0.97 | 9.644731643676758 | 0.1855 | -96.48483276367188
294 | 0.0025625512302913777 | 0.9992832568807339 | 0.1486556012891233 | 0.9665 | 8.702650466918945 | 0.187 | -81.96912384033203
295 | 0.003922825869259055 | 0.9985665137614679 | 0.12213379103690386 | 0.9685 | 8.893655261993409 | 0.1985 | -74.03367614746094
296 | 0.0023179151680653726 | 0.9992832568807339 | 0.1347527456507087 | 0.962 | 8.699277854919433 | 0.1825 | -68.86740112304688
297 | 0.0018988715545082073 | 0.9998566513761468 | 0.12779833611939104 | 0.966 | 8.567907760620118 | 0.1825 | -57.6788330078125
298 | 0.0022116961237203347 | 0.9995699541284404 | 0.1377428869009018 | 0.966 | 8.83571706390381 | 0.1825 | -56.48826217651367
299 | 0.0023339406758468863 | 0.9995699541284404 | 0.12448850224539637 | 0.9665 | 8.53453426361084 | 0.178 | -55.565406799316406
