epoch | classifier_loss | classifier_acc | source_val_loss | source_val_acc | target_val_loss | target_val_acc | critic_loss
0 | 2.245587300816807 | 0.1913704128440367 | 2.24521630859375 | 0.199 | 2.293864625930786 | 0.1325 | 673.3365478515625
1 | 2.2117280369504875 | 0.19552752293577982 | 2.151296751022339 | 0.1985 | 2.2919221515655517 | 0.1195 | -61.88229751586914
2 | 2.048056256880454 | 0.27522935779816515 | 1.813467017173767 | 0.4065 | 2.0642420082092285 | 0.246 | -125.25575256347656
3 | 1.653827788632944 | 0.4617259174311927 | 1.4272131261825562 | 0.5235 | 2.0758391857147216 | 0.318 | -423.03521728515625
4 | 1.318222923563161 | 0.5792717889908257 | 1.179385396003723 | 0.6305 | 2.113150951385498 | 0.3265 | -622.9060668945312
5 | 1.0544076638484219 | 0.6823394495412844 | 0.9962878122329711 | 0.7095 | 2.2282136249542237 | 0.32 | -721.8931274414062
6 | 0.8810469267565176 | 0.7348050458715596 | 0.8546386713981629 | 0.7535 | 2.1268183269500733 | 0.3505 | -732.3148803710938
7 | 0.7824990650929442 | 0.7726490825688074 | 0.8333717432022095 | 0.7565 | 2.1685100555419923 | 0.332 | -708.6311645507812
8 | 0.7140558110464603 | 0.7892775229357798 | 0.7855646424293518 | 0.77 | 2.2359652347564696 | 0.3285 | -688.0240478515625
9 | 0.6633805124037856 | 0.8080561926605505 | 0.7466655871868133 | 0.7875 | 2.1574074382781983 | 0.3505 | -677.3858032226562
10 | 0.632264324011059 | 0.8100630733944955 | 0.7198723773956299 | 0.7915 | 2.23283988571167 | 0.348 | -642.015625
11 | 0.5987845962747521 | 0.8211009174311926 | 0.6913859853744507 | 0.796 | 2.1212711067199708 | 0.3665 | -622.1663208007812
12 | 0.5674582536614269 | 0.8258314220183486 | 0.6841037490367889 | 0.8015 | 2.1726801071166992 | 0.368 | -599.4212036132812
13 | 0.5533337874696889 | 0.8341456422018348 | 0.6849624083042145 | 0.802 | 2.227251344680786 | 0.3385 | -577.6882934570312
14 | 0.5338568039443514 | 0.8372993119266054 | 0.6659883527755738 | 0.81 | 2.2655712108612063 | 0.359 | -561.7304077148438
15 | 0.5160548208503548 | 0.841743119266055 | 0.6639521541595459 | 0.8065 | 2.184354984283447 | 0.372 | -551.1332397460938
16 | 0.5014224951967187 | 0.8477637614678899 | 0.6501095724105835 | 0.8105 | 2.413152017593384 | 0.3305 | -532.634765625
17 | 0.49143021615273363 | 0.8483371559633027 | 0.681785943031311 | 0.7995 | 2.278613953590393 | 0.3465 | -526.9132080078125
18 | 0.47752831507166593 | 0.8555045871559633 | 0.6535274410247802 | 0.8115 | 2.521087656021118 | 0.3265 | -507.4594421386719
19 | 0.464156651442204 | 0.8598050458715596 | 0.639348373889923 | 0.8035 | 2.3967085609436034 | 0.3535 | -501.4001770019531
20 | 0.45430882042701093 | 0.8589449541284404 | 0.6399162335395813 | 0.8105 | 2.2062238903045652 | 0.3835 | -483.3461608886719
21 | 0.4450813466255818 | 0.8655389908256881 | 0.6396930198669434 | 0.81 | 2.394349067687988 | 0.33 | -477.1741027832031
22 | 0.4381784542438087 | 0.8645355504587156 | 0.6317039022445678 | 0.8145 | 2.6621800518035887 | 0.3265 | -461.60137939453125
23 | 0.4278593332669057 | 0.8704128440366973 | 0.6431013102531433 | 0.812 | 2.3940647869110108 | 0.3235 | -454.8744201660156
24 | 0.41862605730874825 | 0.8706995412844036 | 0.6183621616363525 | 0.8135 | 2.5749236850738524 | 0.345 | -458.4931335449219
25 | 0.4121840028861247 | 0.8735665137614679 | 0.6329041390419007 | 0.816 | 2.6722417736053465 | 0.323 | -441.4819641113281
26 | 0.3981647691048613 | 0.880447247706422 | 0.645355718255043 | 0.805 | 2.3368014278411864 | 0.3665 | -446.6441650390625
27 | 0.39462474549035415 | 0.8785837155963303 | 0.6348006176948547 | 0.808 | 2.524831241607666 | 0.3115 | -436.48077392578125
28 | 0.38701307732577717 | 0.879730504587156 | 0.6391116778850555 | 0.8095 | 2.684221290588379 | 0.3485 | -427.1050109863281
29 | 0.3749022360788573 | 0.8857511467889908 | 0.6355722398757935 | 0.811 | 2.4737232151031496 | 0.351 | -428.02227783203125
30 | 0.36937645091376176 | 0.8847477064220184 | 0.6306337060928344 | 0.8115 | 2.546945697784424 | 0.311 | -426.57843017578125
31 | 0.363691700434466 | 0.8897649082568807 | 0.6252167975902557 | 0.812 | 2.4018140964508055 | 0.368 | -416.4705505371094
32 | 0.35726203981342664 | 0.8900516055045872 | 0.6368308038711548 | 0.8165 | 2.7534049243927003 | 0.3135 | -410.5362243652344
33 | 0.35062661985738564 | 0.8936353211009175 | 0.6388410930633545 | 0.8125 | 2.597160596847534 | 0.3525 | -401.67083740234375
34 | 0.3425726667730086 | 0.8967889908256881 | 0.6311333320140838 | 0.81 | 2.591165933609009 | 0.345 | -398.8750305175781
35 | 0.3373757432633584 | 0.8957855504587156 | 0.6288084921836853 | 0.8105 | 2.530326144218445 | 0.36 | -395.0415344238281
36 | 0.3304475299808957 | 0.8970756880733946 | 0.6341303811073303 | 0.818 | 2.7913362827301027 | 0.3475 | -388.905517578125
37 | 0.3252974415044172 | 0.9005160550458715 | 0.6202609267234802 | 0.8155 | 2.532163812637329 | 0.377 | -395.84954833984375
38 | 0.32191137996835445 | 0.9026662844036697 | 0.6459147562980652 | 0.8105 | 2.642504632949829 | 0.356 | -381.62420654296875
39 | 0.3130265307535819 | 0.9040997706422018 | 0.632283016204834 | 0.812 | 2.9039284563064576 | 0.3375 | -383.5871276855469
40 | 0.3077891125864939 | 0.90625 | 0.6416753625869751 | 0.818 | 2.640982349395752 | 0.4 | -379.5616760253906
41 | 0.29961927946007577 | 0.9121272935779816 | 0.6627116584777832 | 0.8095 | 2.9063774375915528 | 0.337 | -374.1318664550781
42 | 0.2970562400210888 | 0.9101204128440367 | 0.6538760213851929 | 0.8105 | 2.676253005981445 | 0.3645 | -377.322265625
43 | 0.29503127973560894 | 0.9127006880733946 | 0.6511118745803833 | 0.81 | 2.623950117111206 | 0.3655 | -373.8118591308594
44 | 0.28682845010669955 | 0.916427752293578 | 0.6549090709686279 | 0.8125 | 2.92181103515625 | 0.3455 | -371.0294494628906
45 | 0.2774595383793936 | 0.9178612385321101 | 0.6566695432662963 | 0.812 | 2.865496971130371 | 0.3785 | -369.657958984375
46 | 0.28071311355457396 | 0.9174311926605505 | 0.6498286357522011 | 0.82 | 2.771389055252075 | 0.3625 | -372.2230529785156
47 | 0.27049270914782075 | 0.9184346330275229 | 0.6589190235137939 | 0.814 | 3.0701793575286866 | 0.356 | -366.3282165527344
48 | 0.27176740047855114 | 0.9162844036697247 | 0.6630649590492248 | 0.815 | 2.9835797538757323 | 0.3885 | -363.7551574707031
49 | 0.26268232914559336 | 0.9228784403669725 | 0.6587013186216354 | 0.8175 | 3.114459131240845 | 0.3375 | -371.05657958984375
50 | 0.25646165758371353 | 0.9254587155963303 | 0.6734840952157974 | 0.8125 | 3.121115602493286 | 0.3605 | -357.6123962402344
51 | 0.24806431079402977 | 0.9260321100917431 | 0.6587641253471375 | 0.8215 | 3.318242082595825 | 0.33 | -360.20428466796875
52 | 0.24488458932813154 | 0.9297591743119266 | 0.6630779371261597 | 0.814 | 3.2567177143096924 | 0.3515 | -358.5953063964844
53 | 0.2430750912892709 | 0.9290424311926605 | 0.6721643121242523 | 0.815 | 3.5293724365234374 | 0.3365 | -353.34722900390625
54 | 0.23267591884786928 | 0.9346330275229358 | 0.6775634663105011 | 0.803 | 3.714247688293457 | 0.3045 | -362.4246826171875
55 | 0.22917218547348583 | 0.9336295871559633 | 0.674399151802063 | 0.815 | 3.408825006484985 | 0.3215 | -351.6898193359375
56 | 0.23059485832212168 | 0.9336295871559633 | 0.6718678014278412 | 0.817 | 3.330025968551636 | 0.3525 | -349.2586669921875
57 | 0.2191096496417982 | 0.934776376146789 | 0.6920089044570923 | 0.8165 | 3.355748659133911 | 0.385 | -350.631103515625
58 | 0.2221373404384753 | 0.9366399082568807 | 0.6958382034301758 | 0.817 | 3.425714115142822 | 0.351 | -354.8095703125
59 | 0.21532318932474206 | 0.9372133027522935 | 0.7006740818023681 | 0.8145 | 3.8645789222717286 | 0.352 | -350.3379211425781
60 | 0.2103517888062591 | 0.9389334862385321 | 0.7080042719841003 | 0.816 | 3.890787622451782 | 0.351 | -352.9158630371094
61 | 0.20829481652023596 | 0.9399369266055045 | 0.7005693603754044 | 0.8185 | 3.4886162834167482 | 0.3435 | -357.1008605957031
62 | 0.20182379089090802 | 0.9439506880733946 | 0.6955817408561706 | 0.815 | 3.8756744365692137 | 0.333 | -352.0516662597656
63 | 0.19819763309638436 | 0.9435206422018348 | 0.7147044763565064 | 0.8165 | 3.7437999000549316 | 0.342 | -352.0760192871094
64 | 0.19962615581280593 | 0.9443807339449541 | 0.71614346408844 | 0.8125 | 3.6798336124420166 | 0.3345 | -350.9585266113281
65 | 0.19300060667986169 | 0.9439506880733946 | 0.7287117071151733 | 0.811 | 3.857191884994507 | 0.343 | -351.2237548828125
66 | 0.18707093124816176 | 0.9468176605504587 | 0.7156322116851807 | 0.816 | 3.7412976913452147 | 0.3235 | -349.721435546875
67 | 0.17965044101717276 | 0.9515481651376146 | 0.7343618564605713 | 0.8085 | 3.5005015754699706 | 0.3555 | -350.0379638671875
68 | 0.18298689081171238 | 0.9486811926605505 | 0.7455671467781066 | 0.8175 | 3.815287853240967 | 0.366 | -346.27105712890625
69 | 0.17665461874609695 | 0.9512614678899083 | 0.7268631391525269 | 0.8175 | 3.8255922584533693 | 0.357 | -350.7274169921875
70 | 0.17471760333678044 | 0.9492545871559633 | 0.7383305211067199 | 0.8105 | 3.5833927040100098 | 0.36 | -347.5475769042969
71 | 0.16916720227364007 | 0.9539850917431193 | 0.7448744297027587 | 0.8145 | 3.708499004364014 | 0.338 | -345.5135498046875
72 | 0.16596569565184618 | 0.9555619266055045 | 0.7612271394729614 | 0.801 | 4.0867630462646485 | 0.332 | -349.3670959472656
73 | 0.16272723462876923 | 0.9547018348623854 | 0.7694012932181359 | 0.813 | 4.151294887542725 | 0.34 | -347.7204284667969
74 | 0.1590052222781772 | 0.9571387614678899 | 0.7593593497276306 | 0.814 | 4.0593676815032955 | 0.3455 | -341.4169616699219
75 | 0.15797032603840216 | 0.9569954128440367 | 0.75511164188385 | 0.8165 | 4.238532855987549 | 0.3355 | -348.227294921875
76 | 0.1540668444759255 | 0.9592889908256881 | 0.7835534567832947 | 0.8065 | 3.9194375038146974 | 0.3335 | -339.3162536621094
77 | 0.14852941947040754 | 0.961295871559633 | 0.7696326537132263 | 0.8145 | 4.2868374176025394 | 0.3335 | -342.7301330566406
78 | 0.14637577448279485 | 0.9608658256880734 | 0.767775785446167 | 0.8115 | 4.2994554271698 | 0.335 | -344.3574523925781
79 | 0.14248566749856012 | 0.964019495412844 | 0.785099291563034 | 0.814 | 4.082842872619629 | 0.373 | -344.8685607910156
80 | 0.13871157056558023 | 0.9635894495412844 | 0.7999317359924316 | 0.8 | 4.322054992675781 | 0.3125 | -341.927978515625
81 | 0.14122307761956793 | 0.9620126146788991 | 0.7764355988502503 | 0.8085 | 4.000610395431519 | 0.3385 | -348.26593017578125
82 | 0.13396298864839273 | 0.9635894495412844 | 0.7972733821868897 | 0.813 | 4.251444488525391 | 0.356 | -343.6423034667969
83 | 0.13065333172268823 | 0.9650229357798165 | 0.8177032771110535 | 0.81 | 4.848699787139893 | 0.311 | -343.2111511230469
84 | 0.12699139736797832 | 0.9684633027522935 | 0.8072089128494263 | 0.8105 | 4.254018009185791 | 0.3325 | -347.6176452636719
85 | 0.12531402380709802 | 0.9683199541284404 | 0.8229511399269104 | 0.814 | 4.3157960891723635 | 0.34 | -341.72412109375
86 | 0.11993905970262825 | 0.970756880733945 | 0.8182001881599427 | 0.81 | 4.342533790588379 | 0.3525 | -343.0653991699219
87 | 0.11491413209416451 | 0.9719036697247706 | 0.8348261198997498 | 0.8115 | 4.345246685028076 | 0.342 | -344.58184814453125
88 | 0.11650261053935103 | 0.9709002293577982 | 0.8332263317108154 | 0.8095 | 4.446443012237549 | 0.315 | -341.1860656738281
89 | 0.11421518560943253 | 0.9739105504587156 | 0.8169030175209046 | 0.8145 | 4.189024259567261 | 0.3705 | -338.29693603515625
90 | 0.11101979601683967 | 0.974197247706422 | 0.8479563174247742 | 0.8085 | 4.769544286727905 | 0.332 | -342.081787109375
91 | 0.10774576896374378 | 0.9752006880733946 | 0.8446735978126526 | 0.808 | 4.679703416824341 | 0.353 | -338.71954345703125
92 | 0.10566997411874456 | 0.9774942660550459 | 0.8510111236572265 | 0.8075 | 4.045416152954101 | 0.368 | -338.2179260253906
93 | 0.10233002104753748 | 0.9773509174311926 | 0.8572428479194641 | 0.8075 | 4.800016176223755 | 0.346 | -336.4710998535156
94 | 0.09811360221527038 | 0.9793577981651376 | 0.8503859586715699 | 0.8115 | 4.645149133682251 | 0.3285 | -335.71014404296875
95 | 0.10237086348987501 | 0.9747706422018348 | 0.8862258367538453 | 0.8125 | 4.9393710594177245 | 0.342 | -338.9198303222656
96 | 0.09531256809420542 | 0.9782110091743119 | 0.8851025373935699 | 0.802 | 4.577034271240234 | 0.3295 | -336.2984619140625
97 | 0.09120420814244025 | 0.978927752293578 | 0.8669745154380798 | 0.807 | 4.699235794067383 | 0.321 | -338.6766662597656
98 | 0.09274684032852497 | 0.9777809633027523 | 0.8806801820993424 | 0.806 | 4.903285255432129 | 0.3495 | -336.6385498046875
99 | 0.0894984203911976 | 0.979644495412844 | 0.8920820589065552 | 0.8055 | 4.9439983253479 | 0.3415 | -335.9571228027344
100 | 0.08376261251850413 | 0.9832282110091743 | 0.8862325091362 | 0.8065 | 4.706701236724854 | 0.3435 | -336.8793640136719
101 | 0.0838495247031844 | 0.9832282110091743 | 0.9063121404647827 | 0.806 | 4.758777729034424 | 0.3485 | -333.3031311035156
102 | 0.08219066566420258 | 0.9822247706422018 | 0.9233280620574951 | 0.808 | 5.196390502929687 | 0.3415 | -334.9131774902344
103 | 0.08251810895808794 | 0.9836582568807339 | 0.9199265947341919 | 0.8035 | 4.987023281097412 | 0.334 | -334.3553161621094
104 | 0.07726792816858773 | 0.9855217889908257 | 0.9092839503288269 | 0.8055 | 5.086369323730469 | 0.3385 | -333.9449462890625
105 | 0.07526428088409091 | 0.9860951834862385 | 0.9322463855743408 | 0.8015 | 4.7896852169036865 | 0.3395 | -335.5068664550781
106 | 0.07778617401325374 | 0.9848050458715596 | 0.925279769897461 | 0.7985 | 4.889058387756347 | 0.3435 | -336.92510986328125
107 | 0.07138650765249488 | 0.9868119266055045 | 0.9433399686813354 | 0.807 | 5.1148650817871095 | 0.34 | -336.9703063964844
108 | 0.0707182576110877 | 0.9872419724770642 | 0.9538051657676697 | 0.7985 | 5.595487308502197 | 0.3165 | -332.24298095703125
109 | 0.07314248976015716 | 0.9852350917431193 | 0.9673687324523926 | 0.8 | 5.04059041595459 | 0.317 | -334.94140625
110 | 0.06496841561288462 | 0.9893922018348624 | 0.9506593236923218 | 0.805 | 5.308696437835693 | 0.333 | -333.9183349609375
111 | 0.06383785687455344 | 0.9885321100917431 | 0.9618039631843567 | 0.8055 | 4.907829753875732 | 0.3475 | -331.51678466796875
112 | 0.06277754513222143 | 0.9902522935779816 | 0.9777806396484375 | 0.8045 | 5.221298881530762 | 0.346 | -330.27545166015625
113 | 0.061658176909619514 | 0.9913990825688074 | 0.9929465086460113 | 0.802 | 5.546672882080078 | 0.328 | -328.8888854980469
114 | 0.05577780314883508 | 0.991829128440367 | 1.0022212338447571 | 0.801 | 5.354797157287598 | 0.343 | -330.7084045410156
115 | 0.05591740636923991 | 0.9926892201834863 | 0.9744404997825623 | 0.797 | 5.476439254760742 | 0.317 | -329.5784606933594
116 | 0.05413234668758211 | 0.9929759174311926 | 1.0123885259628296 | 0.8095 | 5.438038764953613 | 0.3435 | -327.5952453613281
117 | 0.05291232993023111 | 0.9935493119266054 | 0.997955265045166 | 0.806 | 5.336065814971924 | 0.348 | -325.8470153808594
118 | 0.05188352078917103 | 0.9919724770642202 | 1.0140298871994018 | 0.8055 | 5.806917198181153 | 0.3355 | -326.66790771484375
119 | 0.050074993675455044 | 0.9941227064220184 | 1.0170930957794189 | 0.806 | 5.455794422149658 | 0.355 | -323.8609313964844
120 | 0.04808367273573755 | 0.9942660550458715 | 1.040375237941742 | 0.795 | 5.6779039726257325 | 0.34 | -323.3209228515625
121 | 0.046734706233810944 | 0.995269495412844 | 1.0119101934432984 | 0.801 | 5.4099950656890865 | 0.3345 | -323.4539794921875
122 | 0.051521895461878096 | 0.992545871559633 | 1.0311498474478722 | 0.801 | 5.367164733886718 | 0.341 | -321.6682434082031
123 | 0.04568688966197158 | 0.994552752293578 | 1.0458434858322143 | 0.795 | 5.816198650360107 | 0.321 | -317.86102294921875
124 | 0.045514295394575105 | 0.9935493119266054 | 1.0725349597930909 | 0.801 | 5.872755603790283 | 0.344 | -318.9089660644531
125 | 0.044013250884044605 | 0.9946961009174312 | 1.0534191761016847 | 0.8 | 6.28226123046875 | 0.3185 | -315.71630859375
126 | 0.03967637278207945 | 0.9977064220183486 | 1.0545970611572266 | 0.795 | 5.844890380859375 | 0.3145 | -318.7633056640625
127 | 0.0409338693775305 | 0.9948394495412844 | 1.0663144516944885 | 0.799 | 5.731766460418701 | 0.351 | -315.50628662109375
128 | 0.04200315167016666 | 0.9951261467889908 | 1.0932585337162017 | 0.7965 | 6.233362842559814 | 0.331 | -318.94757080078125
129 | 0.03996086680253438 | 0.9955561926605505 | 1.084860523790121 | 0.797 | 5.889865802764892 | 0.3325 | -314.18658447265625
130 | 0.037975123827132064 | 0.9956995412844036 | 1.0816020259857178 | 0.7915 | 5.8790654296875 | 0.3505 | -310.68994140625
131 | 0.036434076059985596 | 0.9959862385321101 | 1.0734916491508484 | 0.7975 | 5.997105262756348 | 0.3385 | -310.2138671875
132 | 0.03602927951398519 | 0.997276376146789 | 1.1068298635482787 | 0.796 | 6.014473754882813 | 0.356 | -307.783203125
133 | 0.034979176485415445 | 0.9969896788990825 | 1.0842608618736267 | 0.79 | 5.897199066162109 | 0.321 | -308.5552062988281
134 | 0.03158206402520658 | 0.9989965596330275 | 1.096373613357544 | 0.7955 | 5.788420707702636 | 0.3375 | -304.76953125
135 | 0.032270597054734146 | 0.9974197247706422 | 1.1466933059692384 | 0.792 | 6.659827835083008 | 0.345 | -302.9146728515625
136 | 0.03397508837077596 | 0.997276376146789 | 1.1231487428843976 | 0.797 | 6.245387554168701 | 0.3085 | -303.1262512207031
137 | 0.03003278599385548 | 0.9982798165137615 | 1.1248371224403382 | 0.789 | 6.120273906707764 | 0.3175 | -300.2868957519531
138 | 0.033375658974940076 | 0.9967029816513762 | 1.1449817695617677 | 0.793 | 6.459664176940918 | 0.321 | -297.8468933105469
139 | 0.03029528275610657 | 0.997276376146789 | 1.1163396182060241 | 0.798 | 5.678917510986328 | 0.3625 | -299.6219787597656
140 | 0.03115057330065911 | 0.9969896788990825 | 1.1183055667877198 | 0.8025 | 5.87059998703003 | 0.334 | -296.0251159667969
141 | 0.028391912032704834 | 0.997993119266055 | 1.1411806325912475 | 0.79 | 6.345049858093262 | 0.3415 | -296.1379089355469
142 | 0.025709010207803425 | 0.9988532110091743 | 1.1667754735946656 | 0.7995 | 6.057455604553223 | 0.353 | -291.9222717285156
143 | 0.024915585824109 | 0.9994266055045872 | 1.1495748434066773 | 0.7895 | 6.328260036468506 | 0.336 | -287.7666015625
144 | 0.027136855485310796 | 0.9978497706422018 | 1.2367990245819092 | 0.798 | 6.708434074401856 | 0.353 | -290.345458984375
145 | 0.04063174783875909 | 0.9921158256880734 | 1.2127625690698625 | 0.802 | 6.613104537963867 | 0.371 | -305.1586608886719
146 | 0.026076834260084485 | 0.9978497706422018 | 1.1856422305107117 | 0.795 | 6.572611843109131 | 0.3275 | -297.39520263671875
147 | 0.02424155884430906 | 0.9985665137614679 | 1.1611937747001648 | 0.7965 | 6.195146942138672 | 0.3405 | -289.7281188964844
148 | 0.02409291322932604 | 0.9982798165137615 | 1.1958750371932982 | 0.788 | 6.51756867980957 | 0.335 | -283.9302673339844
149 | 0.020269457891651795 | 0.9997133027522935 | 1.1666642117500305 | 0.798 | 6.324570541381836 | 0.355 | -283.068359375
150 | 0.019843696680671853 | 0.9995699541284404 | 1.171712640762329 | 0.7925 | 6.26686446762085 | 0.324 | -278.1560974121094
151 | 0.0240756848040934 | 0.9987098623853211 | 1.1751749925613404 | 0.802 | 6.361074687957764 | 0.347 | -280.58709716796875
152 | 0.06010205573786836 | 0.984375 | 1.3589460411071776 | 0.787 | 6.797521530151367 | 0.3855 | -297.3008728027344
153 | 0.06559357067587179 | 0.9822247706422018 | 1.2346184539794922 | 0.7965 | 6.832172157287598 | 0.3255 | -313.179931640625
154 | 0.020937569016471095 | 0.9991399082568807 | 1.1838860988616944 | 0.791 | 6.316417976379395 | 0.3285 | -287.516845703125
155 | 0.017965410302025735 | 0.9995699541284404 | 1.1695997800827027 | 0.7985 | 6.6517043800354 | 0.325 | -275.1581115722656
156 | 0.01772355407886549 | 0.9995699541284404 | 1.1837431392669677 | 0.797 | 6.367371704101562 | 0.335 | -269.79931640625
157 | 0.017053831240521112 | 0.9998566513761468 | 1.193623062133789 | 0.797 | 6.456979915618897 | 0.3365 | -269.794677734375
158 | 0.016830525416539076 | 0.9998566513761468 | 1.1848120279312133 | 0.795 | 6.80277815246582 | 0.331 | -266.6147766113281
159 | 0.016588602714889912 | 0.9997133027522935 | 1.1993115339279175 | 0.793 | 6.657600608825684 | 0.3245 | -266.1493225097656
160 | 0.01683698765027824 | 0.9998566513761468 | 1.2165282411575318 | 0.7905 | 6.665972087860108 | 0.3355 | -262.7101745605469
161 | 0.017249838842096132 | 0.9998566513761468 | 1.211574125289917 | 0.7935 | 6.652558979034424 | 0.324 | -261.659423828125
162 | 0.01792199215467233 | 0.9994266055045872 | 1.2329092254638672 | 0.794 | 6.491590324401855 | 0.3335 | -262.4764404296875
163 | 0.015424572550819828 | 0.9998566513761468 | 1.2064502301216125 | 0.7915 | 6.649505992889404 | 0.3355 | -261.4537658691406
164 | 0.016303348521608006 | 0.9998566513761468 | 1.1996620984077453 | 0.788 | 6.477252616882324 | 0.3255 | -258.5974426269531
165 | 0.016954212295694635 | 0.9995699541284404 | 1.2586058659851551 | 0.8025 | 7.115362373352051 | 0.334 | -256.0146484375
166 | 0.030672182153842046 | 0.994552752293578 | 1.3060176355838775 | 0.783 | 6.67948547744751 | 0.3345 | -271.76055908203125
167 | 0.0346447985038298 | 0.9922591743119266 | 1.2368823518753052 | 0.8025 | 6.251859809875488 | 0.3605 | -273.8701171875
168 | 0.01728735607835131 | 0.9994266055045872 | 1.2282810201644898 | 0.7975 | 6.799240291595459 | 0.34 | -262.699951171875
169 | 0.014896054658184358 | 0.9998566513761468 | 1.2224081087112426 | 0.796 | 6.43135368347168 | 0.3365 | -254.2493896484375
170 | 0.01526313080717254 | 0.9997133027522935 | 1.249452927827835 | 0.789 | 6.694949195861817 | 0.314 | -252.59335327148438
171 | 0.014060267789819099 | 0.9998566513761468 | 1.2403346920013427 | 0.7985 | 6.497193641662598 | 0.3515 | -248.3419189453125
172 | 0.014302360560369053 | 0.9995699541284404 | 1.23919172000885 | 0.7945 | 6.343702365875244 | 0.3215 | -249.5413818359375
173 | 0.01375168749054364 | 0.9997133027522935 | 1.2426432929039002 | 0.793 | 6.559473251342774 | 0.316 | -246.0173797607422
174 | 0.015151993721860265 | 0.9992832568807339 | 1.2532805442810058 | 0.786 | 6.553761138916015 | 0.337 | -244.66827392578125
175 | 0.013343780993595036 | 0.9998566513761468 | 1.260926544189453 | 0.795 | 6.631762069702148 | 0.3535 | -241.99581909179688
176 | 0.018935340738624608 | 0.9985665137614679 | 1.30032359790802 | 0.791 | 6.492925457000732 | 0.342 | -248.65304565429688
177 | 0.04961572689166583 | 0.9852350917431193 | 1.33976780128479 | 0.801 | 6.592790111541748 | 0.3715 | -269.54443359375
178 | 0.026420633193242168 | 0.9936926605504587 | 1.334126275062561 | 0.792 | 7.167077209472656 | 0.3125 | -269.3235168457031
179 | 0.013471979455629347 | 0.9998566513761468 | 1.2551111540794373 | 0.7955 | 6.518554134368896 | 0.3485 | -249.37806701660156
180 | 0.011734293829307917 | 0.9997133027522935 | 1.2584098143577576 | 0.7965 | 6.607945220947266 | 0.3445 | -240.5767822265625
181 | 0.011637463317671364 | 0.9998566513761468 | 1.2748778133392333 | 0.7975 | 6.546123992919922 | 0.34 | -237.7567138671875
182 | 0.011443092336092111 | 0.9997133027522935 | 1.2497910690307616 | 0.794 | 6.719235656738281 | 0.334 | -235.67807006835938
183 | 0.013644084475353497 | 0.9992832568807339 | 1.2267373318672181 | 0.792 | 6.615442354202271 | 0.3305 | -235.9475860595703
184 | 0.013219955003470046 | 0.9997133027522935 | 1.2664046640396118 | 0.795 | 6.638319850921631 | 0.3375 | -238.45559692382812
185 | 0.011092439400664436 | 0.9998566513761468 | 1.2909966945648192 | 0.792 | 6.872357177734375 | 0.3255 | -229.38453674316406
186 | 0.011038603944652671 | 0.9998566513761468 | 1.2888875770568848 | 0.7985 | 6.755154361724854 | 0.351 | -226.78152465820312
187 | 0.011775529951950825 | 0.9998566513761468 | 1.306252737045288 | 0.7875 | 7.284439208984375 | 0.3305 | -229.0554656982422
188 | 0.011594320288560259 | 0.9998566513761468 | 1.2990115010738372 | 0.798 | 6.883126983642578 | 0.32 | -227.50704956054688
189 | 0.011659446838867226 | 0.9997133027522935 | 1.2782488603293896 | 0.7905 | 6.614560707092285 | 0.345 | -225.93910217285156
190 | 0.0108469925103111 | 1.0 | 1.2788158464431763 | 0.7915 | 6.748055671691895 | 0.343 | -223.49417114257812
191 | 0.011442558795059904 | 0.9998566513761468 | 1.2895871000289918 | 0.797 | 7.303879776000977 | 0.33 | -225.41229248046875
192 | 0.06020590277610842 | 0.9803612385321101 | 1.4404983849525452 | 0.7835 | 6.181900871276856 | 0.3615 | -245.5573272705078
193 | 0.07523947319340542 | 0.976920871559633 | 1.311164752960205 | 0.794 | 6.922152725219727 | 0.3315 | -282.2491149902344
194 | 0.014593398087410205 | 0.9987098623853211 | 1.3015237011909484 | 0.7955 | 7.0196041603088375 | 0.3285 | -247.50328063964844
195 | 0.010423149746936668 | 1.0 | 1.2717368688583375 | 0.797 | 6.746599632263184 | 0.332 | -233.4104461669922
196 | 0.00968852294865278 | 1.0 | 1.2591158447265625 | 0.793 | 6.758874572753906 | 0.3285 | -225.55604553222656
197 | 0.00925438220339289 | 1.0 | 1.260752571105957 | 0.798 | 6.60143363571167 | 0.344 | -221.73191833496094
198 | 0.009076201955044489 | 1.0 | 1.2619907221794129 | 0.796 | 6.79673403930664 | 0.329 | -218.09942626953125
199 | 0.008933952761762733 | 1.0 | 1.2509534809589387 | 0.797 | 6.4729203033447265 | 0.3435 | -215.66641235351562
200 | 0.008837047035147974 | 1.0 | 1.2506782879829408 | 0.7955 | 6.424696529388428 | 0.331 | -213.8949737548828
201 | 0.008571960339579014 | 1.0 | 1.2729551893025637 | 0.792 | 6.872762321472168 | 0.328 | -211.93264770507812
202 | 0.008530805976805063 | 1.0 | 1.2569168210029602 | 0.794 | 6.5720537033081055 | 0.343 | -210.6663360595703
203 | 0.008848063226943032 | 1.0 | 1.2710885553359985 | 0.797 | 6.839768413543701 | 0.329 | -209.10394287109375
204 | 0.008822120444148505 | 1.0 | 1.280109010696411 | 0.7955 | 6.7407105484008785 | 0.3275 | -207.22547912597656
205 | 0.008798132035368627 | 1.0 | 1.276842244386673 | 0.7955 | 6.917603366851806 | 0.331 | -207.41064453125
206 | 0.00881130264542245 | 1.0 | 1.2835782022476196 | 0.7955 | 6.488991645812988 | 0.3395 | -205.17315673828125
207 | 0.009951225725438344 | 0.9998566513761468 | 1.2996214656829834 | 0.798 | 6.799055381774902 | 0.359 | -209.39157104492188
208 | 0.009987434812334425 | 0.9998566513761468 | 1.284144067466259 | 0.793 | 6.958421504974365 | 0.3235 | -206.912841796875
209 | 0.010189186873495442 | 0.9998566513761468 | 1.2884137494564056 | 0.794 | 6.855034439086914 | 0.3205 | -207.77920532226562
210 | 0.008441308451337962 | 1.0 | 1.2875709371566773 | 0.793 | 6.933976753234863 | 0.3235 | -204.52174377441406
211 | 0.009041621136145855 | 1.0 | 1.3075621948242186 | 0.798 | 6.840019466400147 | 0.3365 | -200.5944061279297
212 | 0.07256261345827866 | 0.9767775229357798 | 1.409849015235901 | 0.7865 | 6.49924951171875 | 0.344 | -232.12875366210938
213 | 0.03023312516390867 | 0.9929759174311926 | 1.324073657989502 | 0.793 | 6.7511591072082515 | 0.352 | -248.3681640625
214 | 0.01121899573807391 | 0.9997133027522935 | 1.3069026027917863 | 0.796 | 6.746255146026611 | 0.343 | -224.73239135742188
215 | 0.008608750712741678 | 1.0 | 1.304149486541748 | 0.796 | 6.89946443939209 | 0.347 | -210.58424377441406
216 | 0.008333257719908558 | 1.0 | 1.3097171249389647 | 0.792 | 7.0392066040039065 | 0.351 | -205.08685302734375
217 | 0.007855968361874239 | 1.0 | 1.2980913581848144 | 0.791 | 6.872839263916015 | 0.336 | -200.987548828125
218 | 0.0075660846249516545 | 1.0 | 1.3078826999664306 | 0.7925 | 6.923275009155273 | 0.3325 | -196.9537811279297
219 | 0.007625348423821254 | 1.0 | 1.3090124626159667 | 0.7935 | 6.793802062988282 | 0.3475 | -195.09573364257812
220 | 0.007394302204900652 | 1.0 | 1.3116921248435973 | 0.795 | 6.758367645263672 | 0.3605 | -193.49021911621094
221 | 0.007714896443633175 | 1.0 | 1.294618579864502 | 0.7905 | 6.782231433868408 | 0.3295 | -193.44940185546875
222 | 0.0072976080124018666 | 1.0 | 1.3043571567535401 | 0.793 | 6.968479412078858 | 0.3285 | -190.88189697265625
223 | 0.007305086590349674 | 1.0 | 1.311035309791565 | 0.7955 | 6.849769393920899 | 0.3455 | -189.3687744140625
224 | 0.007610367079171429 | 1.0 | 1.3041007843017578 | 0.795 | 6.7955600547790525 | 0.3455 | -188.58102416992188
225 | 0.007934775361534925 | 1.0 | 1.338730586051941 | 0.7935 | 6.981555603027344 | 0.316 | -188.94351196289062
226 | 0.007465760631555128 | 1.0 | 1.2977142219543456 | 0.795 | 6.3929004440307615 | 0.3455 | -188.6466827392578
227 | 0.008135724560690855 | 1.0 | 1.36916277885437 | 0.797 | 7.066553333282471 | 0.333 | -188.8843994140625
228 | 0.03191276660633333 | 0.9909690366972477 | 1.5057751293182373 | 0.8055 | 8.178340103149415 | 0.374 | -208.21913146972656
229 | 0.09957400503474365 | 0.9670298165137615 | 1.4485161085128784 | 0.7945 | 8.80258399963379 | 0.297 | -242.22105407714844
230 | 0.02679452791365735 | 0.992545871559633 | 1.3768068943023681 | 0.797 | 7.593019180297851 | 0.3695 | -239.94871520996094
231 | 0.009652076630827483 | 0.9997133027522935 | 1.3400315563678742 | 0.796 | 7.160686805725097 | 0.3395 | -205.16253662109375
232 | 0.007510916763540665 | 1.0 | 1.3056726150512696 | 0.7935 | 7.036203689575196 | 0.327 | -200.10702514648438
233 | 0.007047785302931699 | 1.0 | 1.292658882856369 | 0.7885 | 6.877897491455078 | 0.331 | -192.78001403808594
234 | 0.00678213379653427 | 1.0 | 1.2900826196670532 | 0.7895 | 6.7084909973144535 | 0.326 | -189.9893341064453
235 | 0.006831033488547583 | 1.0 | 1.3017205362319946 | 0.7885 | 6.988942070007324 | 0.33 | -186.96710205078125
236 | 0.006573885717694092 | 1.0 | 1.299385298728943 | 0.791 | 6.687858377456665 | 0.339 | -185.060546875
237 | 0.006609871065021929 | 1.0 | 1.30575843334198 | 0.7925 | 6.728881084442139 | 0.3295 | -183.5387725830078
238 | 0.006547243870504269 | 1.0 | 1.3124868068695068 | 0.7905 | 7.014998191833496 | 0.325 | -181.5758514404297
239 | 0.006463365272593198 | 1.0 | 1.3121024656295777 | 0.7885 | 7.211064167022705 | 0.318 | -179.88970947265625
240 | 0.006431599382584522 | 1.0 | 1.3119394974708558 | 0.7905 | 6.651200141906738 | 0.328 | -178.53216552734375
241 | 0.006329530399343973 | 1.0 | 1.304937391281128 | 0.794 | 6.531057098388672 | 0.3425 | -177.90855407714844
242 | 0.006289297490543045 | 1.0 | 1.3059358568191528 | 0.7935 | 6.816568923950196 | 0.3275 | -175.47711181640625
243 | 0.006229301671061767 | 1.0 | 1.3199882202148439 | 0.791 | 6.586157844543457 | 0.33 | -176.20742797851562
244 | 0.0064840611271184245 | 1.0 | 1.3283428039550782 | 0.793 | 6.634900605201721 | 0.3415 | -174.1892547607422
245 | 0.006467574117961553 | 1.0 | 1.3548102531433106 | 0.7925 | 7.541913589477539 | 0.3145 | -173.66064453125
246 | 0.0064199185735810925 | 1.0 | 1.3288924350738525 | 0.7925 | 7.0210431251525875 | 0.33 | -173.6856231689453
247 | 0.006684655720931948 | 1.0 | 1.3587564525604248 | 0.797 | 7.842581199645996 | 0.3255 | -172.07040405273438
248 | 0.039177632140884294 | 0.989822247706422 | 1.6326103310585023 | 0.775 | 7.933951316833496 | 0.3075 | -188.33004760742188
249 | 0.07483244551892537 | 0.9763474770642202 | 1.390666212081909 | 0.7985 | 7.455749004364014 | 0.3335 | -243.21835327148438
250 | 0.009709342460814488 | 0.9992832568807339 | 1.3602145336270333 | 0.7955 | 7.163988014221191 | 0.334 | -200.49510192871094
251 | 0.006839172547221731 | 1.0 | 1.3285224752426148 | 0.7925 | 7.018850471496582 | 0.3325 | -186.68685913085938
252 | 0.006561289729396684 | 1.0 | 1.3331418437957763 | 0.795 | 6.9642362213134765 | 0.329 | -180.88265991210938
253 | 0.00647481578325323 | 1.0 | 1.332153657913208 | 0.791 | 7.1667159576416015 | 0.311 | -176.3248291015625
254 | 0.006402844009886778 | 1.0 | 1.3099087080955505 | 0.794 | 6.8723420257568355 | 0.333 | -174.88682556152344
255 | 0.005910830168531986 | 1.0 | 1.3293248720169066 | 0.789 | 7.14787223815918 | 0.313 | -172.42401123046875
256 | 0.006562871670504229 | 0.9997133027522935 | 1.3321599025726318 | 0.797 | 6.946115016937256 | 0.35 | -170.7458953857422
257 | 0.006251267818605886 | 1.0 | 1.3260389137268067 | 0.791 | 7.120155132293701 | 0.3235 | -171.05599975585938
258 | 0.0059946734915325125 | 1.0 | 1.3258630084991454 | 0.7935 | 6.931864089965821 | 0.328 | -167.98997497558594
259 | 0.005860710625511107 | 1.0 | 1.319455924987793 | 0.7965 | 6.939749885559082 | 0.326 | -166.4707489013672
260 | 0.005733147524126353 | 1.0 | 1.3343140449523925 | 0.792 | 7.116239555358887 | 0.331 | -165.43919372558594
261 | 0.005676650104685387 | 1.0 | 1.332953575372696 | 0.793 | 6.972769134521484 | 0.3275 | -164.08580017089844
262 | 0.0056716355862557345 | 1.0 | 1.3465832004547118 | 0.793 | 7.36221614074707 | 0.3255 | -164.1484375
263 | 0.006148220720239531 | 1.0 | 1.350726505279541 | 0.7925 | 7.226188697814941 | 0.3165 | -165.2527618408203
264 | 0.0062898265330308895 | 1.0 | 1.3447087383270264 | 0.7925 | 7.223011045455933 | 0.3245 | -163.46656799316406
265 | 0.006095919561563828 | 1.0 | 1.3304294481277466 | 0.7905 | 6.656436542510987 | 0.3355 | -164.55862426757812
266 | 0.01479128058551204 | 0.9967029816513762 | 1.5446608891487121 | 0.7915 | 9.83206999206543 | 0.3095 | -167.33786010742188
267 | 0.09915338042234882 | 0.96875 | 1.429794648170471 | 0.7835 | 6.384555416107178 | 0.321 | -219.40606689453125
268 | 0.026930969542772465 | 0.9934059633027523 | 1.3721909246444701 | 0.801 | 7.006203018188477 | 0.352 | -212.5355682373047
269 | 0.007203832691654973 | 0.9998566513761468 | 1.3658914699554443 | 0.794 | 7.307861343383789 | 0.309 | -188.2770538330078
270 | 0.005780521605095458 | 1.0 | 1.3206230578422546 | 0.793 | 7.006751392364502 | 0.3225 | -174.98521423339844
271 | 0.005636852183336511 | 1.0 | 1.3123029782772064 | 0.795 | 6.682583190917969 | 0.333 | -169.90509033203125
272 | 0.005349110610091017 | 1.0 | 1.320969385623932 | 0.792 | 6.922524192810059 | 0.329 | -167.474609375
273 | 0.005543012524433776 | 1.0 | 1.3215735216140747 | 0.7905 | 6.912701034545899 | 0.3315 | -165.02865600585938
274 | 0.005413791980731104 | 1.0 | 1.3110267238616944 | 0.793 | 6.952884567260742 | 0.326 | -162.71475219726562
275 | 0.005231638191216583 | 1.0 | 1.31999187374115 | 0.7915 | 6.990891765594482 | 0.323 | -162.21888732910156
276 | 0.005370079182994065 | 1.0 | 1.3243822712898254 | 0.7915 | 7.021190212249756 | 0.323 | -159.40025329589844
277 | 0.005213101212909326 | 1.0 | 1.316548436164856 | 0.789 | 6.916434211730957 | 0.322 | -158.45924377441406
278 | 0.0052616308793562265 | 1.0 | 1.3174327952861786 | 0.792 | 6.992150932312012 | 0.323 | -157.95716857910156
279 | 0.005373535968294931 | 1.0 | 1.3103849229812623 | 0.7915 | 6.581973701477051 | 0.329 | -156.4966278076172
280 | 0.005118477467977263 | 1.0 | 1.3160000619888306 | 0.7925 | 6.830879119873047 | 0.3375 | -154.7576446533203
281 | 0.005170765937382885 | 1.0 | 1.3165561816692353 | 0.795 | 6.630161655426026 | 0.3345 | -154.35214233398438
282 | 0.0052526625526915175 | 1.0 | 1.3321837043762208 | 0.795 | 7.095277290344239 | 0.3255 | -154.95423889160156
283 | 0.005049894741146799 | 1.0 | 1.3318596525192261 | 0.7925 | 6.914705562591553 | 0.325 | -152.75723266601562
284 | 0.005208029722530019 | 1.0 | 1.3452185096740723 | 0.7935 | 7.185872894287109 | 0.328 | -151.43960571289062
285 | 0.005230055010125656 | 1.0 | 1.3251517667770385 | 0.7905 | 6.958491119384766 | 0.3245 | -152.09800720214844
286 | 0.00552385433047258 | 1.0 | 1.3650870065689087 | 0.786 | 7.554140518188476 | 0.298 | -150.8572235107422
287 | 0.017933118062034046 | 0.995269495412844 | 1.5413180656433105 | 0.803 | 7.499715538024902 | 0.41 | -162.4774932861328
288 | 0.11425392008856486 | 0.9643061926605505 | 1.60137255859375 | 0.784 | 8.484276527404786 | 0.335 | -223.03076171875
289 | 0.020802708314902604 | 0.9954128440366973 | 1.4153679943084716 | 0.7955 | 7.478363353729248 | 0.3365 | -214.17579650878906
290 | 0.006421419707502862 | 1.0 | 1.3698689403533935 | 0.7935 | 7.023137191772461 | 0.3305 | -178.13015747070312
291 | 0.005777670009651247 | 1.0 | 1.357680717229843 | 0.7945 | 6.960711673736572 | 0.34 | -166.59652709960938
292 | 0.005232712586085662 | 1.0 | 1.3490396127700806 | 0.791 | 6.898182319641113 | 0.3205 | -162.5345001220703
293 | 0.005332584289936434 | 1.0 | 1.3424628710746764 | 0.7895 | 6.9473255882263185 | 0.3165 | -158.19223022460938
294 | 0.005108498119099766 | 1.0 | 1.3290995121002198 | 0.7895 | 6.889674478530884 | 0.3185 | -156.3699188232422
295 | 0.004950237586462033 | 1.0 | 1.3418259935379029 | 0.7895 | 7.225239669799804 | 0.3085 | -153.77685546875
296 | 0.00489187159750679 | 1.0 | 1.3342699735164643 | 0.792 | 7.20883012008667 | 0.3175 | -152.0741729736328
297 | 0.004857012156157865 | 1.0 | 1.3379506118297577 | 0.791 | 7.1996788368225095 | 0.316 | -150.8641815185547
298 | 0.0048103892829679295 | 1.0 | 1.332459016084671 | 0.79 | 7.032107482910156 | 0.3075 | -149.33958435058594
299 | 0.004806466392079078 | 1.0 | 1.347892556577921 | 0.793 | 7.336390621185303 | 0.3195 | -148.2928924560547
