epoch | classifier_loss | classifier_acc | source_val_loss | source_val_acc | target_val_loss | target_val_acc | critic_loss
0 | 2.2385345423987153 | 0.18936353211009174 | 2.2252846660614014 | 0.274 | 2.3216454467773437 | 0.178 | 1879.57470703125
1 | 2.121500776448381 | 0.2497133027522936 | 1.9203369073867798 | 0.3385 | 2.049097586631775 | 0.2255 | 714.3974609375
2 | 1.7874512519311467 | 0.39291857798165136 | 1.6480733776092529 | 0.495 | 1.8638563718795775 | 0.3735 | -953.1030883789062
3 | 1.3900840287908502 | 0.5600630733944955 | 1.1790151715278625 | 0.625 | 1.8179985313415528 | 0.443 | -842.3504028320312
4 | 1.03694570173911 | 0.6962442660550459 | 0.9616092019081116 | 0.7135 | 1.5998587999343872 | 0.4735 | -932.88330078125
5 | 0.857267162121764 | 0.7511467889908257 | 0.8511070637702942 | 0.7365 | 1.9219404220581056 | 0.4455 | -884.811767578125
6 | 0.7577662101579369 | 0.7756594036697247 | 0.7895702657699585 | 0.776 | 1.6381063413619996 | 0.474 | -833.3444213867188
7 | 0.6843460636948226 | 0.8063360091743119 | 0.739075689792633 | 0.7735 | 1.9197998580932618 | 0.447 | -787.1634521484375
8 | 0.6296137191286875 | 0.8192373853211009 | 0.7063238077163696 | 0.7995 | 1.4623974332809448 | 0.544 | -776.8241577148438
9 | 0.5936625824062103 | 0.828125 | 0.6450065689086915 | 0.8135 | 1.566488317489624 | 0.54 | -720.036865234375
10 | 0.5554064156812265 | 0.8405963302752294 | 0.6747872605323791 | 0.8045 | 1.6087699422836303 | 0.494 | -687.9743041992188
11 | 0.5247096206070087 | 0.848480504587156 | 0.6452342357635498 | 0.8085 | 1.8038928451538085 | 0.478 | -686.215087890625
12 | 0.5005369235616212 | 0.856651376146789 | 0.6194323434829712 | 0.8165 | 1.6692328815460205 | 0.5245 | -659.1637573242188
13 | 0.47784712254454237 | 0.8622419724770642 | 0.6140486936569214 | 0.822 | 1.6746911163330078 | 0.505 | -644.0234985351562
14 | 0.4573283129875813 | 0.8676892201834863 | 0.5992444958686829 | 0.8265 | 1.7821624202728272 | 0.5015 | -646.191162109375
15 | 0.43854184653780875 | 0.8754300458715596 | 0.5979996862411499 | 0.8325 | 1.7911256465911864 | 0.4895 | -618.1734619140625
16 | 0.42244646869121344 | 0.880447247706422 | 0.6022992839813233 | 0.826 | 1.8167193851470946 | 0.4975 | -590.5482788085938
17 | 0.4057834678833638 | 0.8841743119266054 | 0.598487988114357 | 0.824 | 1.7480678071975708 | 0.501 | -658.4210205078125
18 | 0.3870399048842421 | 0.8887614678899083 | 0.5880781116485596 | 0.826 | 1.8850245304107667 | 0.4895 | -592.1672973632812
19 | 0.3724082758940688 | 0.8907683486238532 | 0.5924060153961181 | 0.827 | 1.8644713706970215 | 0.4845 | -559.7005004882812
20 | 0.36119799685040743 | 0.8975057339449541 | 0.5900675439834595 | 0.8305 | 2.0635246200561523 | 0.4615 | -532.3680419921875
21 | 0.3363114276883799 | 0.9040997706422018 | 0.6029383788108825 | 0.821 | 2.256334363937378 | 0.443 | -516.0361938476562
22 | 0.33164804011856747 | 0.9072534403669725 | 0.604498188316822 | 0.822 | 1.8474172611236572 | 0.4955 | -532.5930786132812
23 | 0.3185005340417591 | 0.9095470183486238 | 0.6105044054985046 | 0.8235 | 1.845905101776123 | 0.505 | -522.0667114257812
24 | 0.3052655548677532 | 0.9147075688073395 | 0.6085267348289489 | 0.8225 | 2.1463712215423585 | 0.4725 | -549.3103637695312
25 | 0.293867367259953 | 0.9180045871559633 | 0.6076848878860474 | 0.8255 | 2.0080156745910647 | 0.466 | -562.8843383789062
26 | 0.2834216693945981 | 0.9215883027522935 | 0.5884029421806335 | 0.8285 | 2.038675003051758 | 0.4625 | -540.4508666992188
27 | 0.27111912778484715 | 0.9271788990825688 | 0.5944978165626525 | 0.826 | 2.11186784362793 | 0.4685 | -557.0071411132812
28 | 0.268789561516648 | 0.9233084862385321 | 0.6084723739624024 | 0.8315 | 2.1805751399993896 | 0.49 | -531.4420776367188
29 | 0.2512911801491309 | 0.9278956422018348 | 0.6085354957580567 | 0.833 | 1.944536008834839 | 0.5195 | -574.757568359375
30 | 0.242231896711052 | 0.9343463302752294 | 0.6570725688934326 | 0.8165 | 2.4077006092071533 | 0.4315 | -509.6750183105469
31 | 0.24331662277562902 | 0.9340596330275229 | 0.61676455950737 | 0.8235 | 2.003703971862793 | 0.4965 | -519.2457885742188
32 | 0.2284417122329047 | 0.9380733944954128 | 0.6184839508533477 | 0.824 | 2.1821759071350098 | 0.483 | -537.1121215820312
33 | 0.22517449162695385 | 0.9407970183486238 | 0.6345758700370788 | 0.8205 | 2.134398250579834 | 0.4535 | -480.5475769042969
34 | 0.21247940763421014 | 0.9403669724770642 | 0.6416818351745606 | 0.8195 | 2.2566661586761474 | 0.477 | -493.857666015625
35 | 0.20713082167806976 | 0.942947247706422 | 0.6268268001079559 | 0.82 | 2.305382354736328 | 0.463 | -456.00079345703125
36 | 0.19158051361184603 | 0.9528383027522935 | 0.6443125731945037 | 0.824 | 2.4908422832489014 | 0.432 | -487.2296142578125
37 | 0.1893421879055303 | 0.9518348623853211 | 0.6517296857237815 | 0.8115 | 2.206064376831055 | 0.468 | -517.8718872070312
38 | 0.18521691981805574 | 0.9516915137614679 | 0.6322747235298156 | 0.8285 | 2.3889957838058473 | 0.442 | -534.465087890625
39 | 0.1733501386068283 | 0.9549885321100917 | 0.6821981153488159 | 0.824 | 2.599137049674988 | 0.4685 | -504.21832275390625
40 | 0.16593316679290676 | 0.9608658256880734 | 0.6724526252746582 | 0.8195 | 2.5538871669769287 | 0.4605 | -549.199951171875
41 | 0.16124511428109004 | 0.9590022935779816 | 0.6649635734558106 | 0.819 | 2.243398488998413 | 0.476 | -489.9410705566406
42 | 0.15438765369424032 | 0.9621559633027523 | 0.6948770933151245 | 0.817 | 2.487890972137451 | 0.473 | -522.72265625
43 | 0.14997433785588368 | 0.9618692660550459 | 0.6774249868392944 | 0.821 | 2.6247399215698244 | 0.4375 | -482.67449951171875
44 | 0.13767852716216253 | 0.9694667431192661 | 0.6959198360443115 | 0.814 | 2.7343350772857664 | 0.4405 | -475.2991943359375
45 | 0.13286951459397417 | 0.9693233944954128 | 0.7113957567214966 | 0.811 | 2.7404118614196777 | 0.4305 | -500.4012145996094
46 | 0.12687091881392198 | 0.9703268348623854 | 0.7047337148189544 | 0.811 | 2.5550957202911375 | 0.4385 | -482.5710144042969
47 | 0.1189959036237603 | 0.9736238532110092 | 0.713346839427948 | 0.8175 | 2.9804114265441894 | 0.3775 | -501.5681457519531
48 | 0.11676391504636598 | 0.9737672018348624 | 0.7431099681854249 | 0.814 | 2.869463623046875 | 0.451 | -528.1535034179688
49 | 0.11110713213272051 | 0.9772075688073395 | 0.7323195285797119 | 0.816 | 2.6031761779785154 | 0.4505 | -474.4100341796875
50 | 0.1047732411379661 | 0.9806479357798165 | 0.744730768918991 | 0.813 | 2.5357930641174318 | 0.4895 | -487.05621337890625
51 | 0.09583693119022277 | 0.9826548165137615 | 0.8022164030075073 | 0.8095 | 3.1104025211334227 | 0.447 | -490.581298828125
52 | 0.10099407305958075 | 0.9784977064220184 | 0.7597285175323486 | 0.8055 | 2.6702420616149904 | 0.4545 | -533.0758666992188
53 | 0.09089653754453046 | 0.9819380733944955 | 0.7602268660068512 | 0.806 | 2.7666990909576414 | 0.4405 | -439.62158203125
54 | 0.08199577057443627 | 0.9853784403669725 | 0.7630892624855041 | 0.8095 | 2.784845500946045 | 0.443 | -448.2543029785156
55 | 0.07803322344061432 | 0.9883887614678899 | 0.7588543796539307 | 0.8105 | 2.664212951660156 | 0.453 | -464.4847717285156
56 | 0.07864666974530854 | 0.9866685779816514 | 0.7880478463172913 | 0.805 | 2.79468736076355 | 0.4595 | -500.2763977050781
57 | 0.08032682755056324 | 0.9869552752293578 | 0.8036776928901672 | 0.811 | 3.1448870315551756 | 0.4535 | -473.51458740234375
58 | 0.07295533192745589 | 0.9896788990825688 | 0.7827991342544556 | 0.8155 | 3.0778708381652833 | 0.436 | -464.18511962890625
59 | 0.06653773314704042 | 0.9899655963302753 | 0.8149277952909469 | 0.8115 | 2.9670970649719237 | 0.48 | -420.266845703125
60 | 0.06308793549964187 | 0.9926892201834863 | 0.7995745086669922 | 0.8025 | 2.8996993675231932 | 0.4145 | -411.9588317871094
61 | 0.06076276474931371 | 0.9931192660550459 | 0.8404720320701599 | 0.8105 | 3.5321228542327883 | 0.406 | -446.5159912109375
62 | 0.060829517833136636 | 0.9921158256880734 | 0.8385009425878525 | 0.807 | 3.000107364654541 | 0.451 | -470.04345703125
63 | 0.05906933018032017 | 0.9903956422018348 | 0.8296768674850464 | 0.8095 | 2.858120121002197 | 0.443 | -403.28302001953125
64 | 0.05118747747614296 | 0.9938360091743119 | 0.8377643461227418 | 0.804 | 3.189106174468994 | 0.413 | -412.1896057128906
65 | 0.04816548287048252 | 0.9946961009174312 | 0.8827902555465699 | 0.802 | 3.7912256832122804 | 0.4075 | -378.8725891113281
66 | 0.04376235586343282 | 0.9955561926605505 | 0.9051741552352905 | 0.8075 | 3.460774001121521 | 0.4525 | -386.5290832519531
67 | 0.042880847298224035 | 0.9967029816513762 | 0.8782663273811341 | 0.806 | 3.2813802604675293 | 0.435 | -401.1650085449219
68 | 0.04330268110054622 | 0.9962729357798165 | 0.8905044059753418 | 0.8 | 3.082389385223389 | 0.4335 | -375.8372497558594
69 | 0.05536871998135103 | 0.9895355504587156 | 0.9050182889699936 | 0.806 | 3.031921133041382 | 0.468 | -444.71368408203125
70 | 0.05025309642110396 | 0.9928325688073395 | 0.9008921320438386 | 0.803 | 3.4594314098358154 | 0.413 | -415.33099365234375
71 | 0.03975175116040291 | 0.9958428899082569 | 0.9413829936981201 | 0.8115 | 3.4851451206207273 | 0.451 | -387.7081298828125
72 | 0.03631422244046533 | 0.9975630733944955 | 0.8981475348472595 | 0.8075 | 3.060800355911255 | 0.473 | -406.4406433105469
73 | 0.037227146771796255 | 0.9968463302752294 | 0.9084169521331787 | 0.8055 | 3.0399512042999266 | 0.474 | -369.1051330566406
74 | 0.032240900954385414 | 0.9981364678899083 | 0.9214334812164306 | 0.8075 | 3.3677684803009034 | 0.436 | -377.22821044921875
75 | 0.03138939554401494 | 0.9989965596330275 | 0.9464605355262756 | 0.7995 | 3.3651454181671143 | 0.47 | -378.1394958496094
76 | 0.032103947282623536 | 0.9978497706422018 | 0.9344325976371766 | 0.804 | 3.474303783416748 | 0.416 | -374.9935302734375
77 | 0.030238795376152074 | 0.9985665137614679 | 0.9678753752708436 | 0.8015 | 3.9495363368988037 | 0.4 | -367.067138671875
78 | 0.026979405877240206 | 0.9995699541284404 | 0.9276007728576661 | 0.801 | 3.1913818016052247 | 0.441 | -362.6698303222656
79 | 0.027065254277934176 | 0.9987098623853211 | 0.9028715100288391 | 0.8025 | 3.1885714111328123 | 0.457 | -415.115478515625
80 | 0.03292152939210518 | 0.9977064220183486 | 0.8836950201988221 | 0.797 | 2.8508075466156004 | 0.4675 | -392.6747741699219
81 | 0.04283348282952921 | 0.9971330275229358 | 0.830573790550232 | 0.8075 | 2.7472899627685545 | 0.473 | -376.2091064453125
82 | 0.03156038970096942 | 0.9991399082568807 | 0.8460260555744171 | 0.813 | 2.9018880615234375 | 0.4465 | -352.8843688964844
83 | 0.02699353327171518 | 0.9997133027522935 | 0.8477908840179443 | 0.81 | 3.111111904144287 | 0.434 | -349.7735900878906
84 | 0.024244895589392666 | 0.9998566513761468 | 0.8799531764984131 | 0.809 | 3.2441525135040283 | 0.425 | -338.10247802734375
85 | 0.022716636602860798 | 0.9998566513761468 | 0.8853754765987396 | 0.8055 | 3.2076942691802977 | 0.4505 | -335.2874755859375
86 | 0.023259203009512446 | 0.9998566513761468 | 0.9036682333946228 | 0.8065 | 3.1470287399291994 | 0.4585 | -333.06951904296875
87 | 0.020780462224822525 | 0.9997133027522935 | 0.9038839616775513 | 0.804 | 3.2671559410095217 | 0.4255 | -332.77386474609375
88 | 0.019786560190243458 | 1.0 | 0.9227332663536072 | 0.812 | 3.2674192867279053 | 0.4465 | -322.685302734375
89 | 0.02320863027125597 | 0.9989965596330275 | 0.9673889355659485 | 0.8005 | 3.3587041931152344 | 0.447 | -318.2449035644531
90 | 0.027487949233228733 | 0.997276376146789 | 0.9548764934539795 | 0.81 | 3.201617513656616 | 0.467 | -334.4490051269531
91 | 0.02234801849128183 | 0.9987098623853211 | 0.967732004404068 | 0.803 | 3.4951473579406738 | 0.4375 | -323.4478454589844
92 | 0.019542848046253853 | 0.9995699541284404 | 0.9362000246047973 | 0.801 | 3.296083116531372 | 0.4355 | -315.8210144042969
93 | 0.016983285627473112 | 0.9998566513761468 | 0.9522118406295776 | 0.804 | 3.2452285442352293 | 0.43 | -299.94732666015625
94 | 0.02033206911911385 | 0.9989965596330275 | 0.984878210067749 | 0.803 | 3.5305890045166017 | 0.4585 | -293.47003173828125
95 | 0.016665580883246222 | 0.9997133027522935 | 0.9840851182937622 | 0.795 | 3.376938362121582 | 0.45 | -295.5616149902344
96 | 0.017880251464527954 | 0.9995699541284404 | 0.9732126293182373 | 0.7985 | 3.4103436069488526 | 0.4245 | -283.0319519042969
97 | 0.015667884849832146 | 0.9998566513761468 | 0.9733398516178131 | 0.796 | 3.3099751262664796 | 0.4455 | -279.72808837890625
98 | 0.01514547680923288 | 0.9991399082568807 | 0.9735367076992989 | 0.8045 | 3.573671962738037 | 0.427 | -273.16522216796875
99 | 0.014315177857397346 | 1.0 | 0.9532687180042266 | 0.8015 | 3.4251985473632813 | 0.4365 | -261.4963684082031
100 | 0.013474713177890132 | 1.0 | 1.0041163177490235 | 0.802 | 3.5569769859313967 | 0.4445 | -259.1341247558594
101 | 0.014021122986194463 | 0.9997133027522935 | 0.9969203722476959 | 0.7935 | 3.4922512969970705 | 0.4415 | -261.11083984375
102 | 0.013787933121170473 | 0.9998566513761468 | 1.0164558491706848 | 0.802 | 3.5284837322235107 | 0.4485 | -248.7086944580078
103 | 0.04973507803061618 | 0.9846616972477065 | 1.124939266204834 | 0.7725 | 3.6759809913635255 | 0.421 | -292.3702697753906
104 | 0.0335702834086954 | 0.9936926605504587 | 1.1054074001312255 | 0.8 | 4.028333871841431 | 0.4145 | -302.14923095703125
105 | 0.014044028642766793 | 0.9994266055045872 | 1.018043463230133 | 0.792 | 3.6187750282287596 | 0.44 | -261.09320068359375
106 | 0.011582697886939443 | 1.0 | 0.99558216714859 | 0.7965 | 3.5765100860595704 | 0.4405 | -244.6802215576172
107 | 0.011088995175401963 | 1.0 | 1.0216749515533448 | 0.797 | 3.6051001567840575 | 0.4435 | -236.15689086914062
108 | 0.010915294772338702 | 1.0 | 1.0220003461837768 | 0.802 | 3.505302457809448 | 0.448 | -231.3103485107422
109 | 0.010156200976546752 | 1.0 | 1.0255748567581178 | 0.796 | 3.5317837295532226 | 0.455 | -226.03826904296875
110 | 0.009916416006248206 | 1.0 | 1.019769368648529 | 0.8 | 3.453694486618042 | 0.4535 | -220.1387176513672
111 | 0.009494473187919331 | 1.0 | 1.0453429756164552 | 0.791 | 3.760411205291748 | 0.431 | -217.53994750976562
112 | 0.009970480242932062 | 1.0 | 1.0336810598373414 | 0.7935 | 3.599338285446167 | 0.437 | -212.37521362304688
113 | 0.009573212658149113 | 1.0 | 1.041726454436779 | 0.791 | 3.7039012832641602 | 0.426 | -210.35818481445312
114 | 0.009573094666414305 | 1.0 | 1.039540102481842 | 0.803 | 3.576318147659302 | 0.437 | -208.12095642089844
115 | 0.009807102362958526 | 1.0 | 1.0676919765472412 | 0.7965 | 3.759382661819458 | 0.4305 | -203.60890197753906
116 | 0.015770831645184426 | 0.9981364678899083 | 1.1700174179077147 | 0.794 | 4.035091968536377 | 0.4865 | -210.23904418945312
117 | 0.058958971069766844 | 0.9806479357798165 | 1.2170771951675414 | 0.799 | 4.3239368705749515 | 0.4475 | -260.4363098144531
118 | 0.03149848460826442 | 0.9928325688073395 | 1.1450534629821778 | 0.7915 | 4.017910764694214 | 0.457 | -256.8164978027344
119 | 0.011876982104870568 | 0.9992832568807339 | 1.0765672159194946 | 0.7965 | 3.8778104553222654 | 0.444 | -227.27134704589844
120 | 0.009059535476182578 | 1.0 | 1.071653203010559 | 0.7875 | 3.7500016593933108 | 0.433 | -204.6161346435547
121 | 0.008311517660531703 | 1.0 | 1.0527063617706298 | 0.793 | 3.6847330169677734 | 0.446 | -199.07485961914062
122 | 0.007986510890202785 | 1.0 | 1.060476824760437 | 0.791 | 3.657620170593262 | 0.4455 | -193.43695068359375
123 | 0.007575951420505523 | 1.0 | 1.0677907466888428 | 0.7885 | 3.675394872665405 | 0.4395 | -191.43614196777344
124 | 0.0077526534228252435 | 1.0 | 1.0825442886352539 | 0.788 | 3.720703142166138 | 0.448 | -188.554443359375
125 | 0.007563937686110308 | 1.0 | 1.0713947234153747 | 0.79 | 3.7161135692596434 | 0.4315 | -182.68475341796875
126 | 0.008094632395739676 | 1.0 | 1.0801363400816917 | 0.791 | 3.5747510585784914 | 0.4545 | -185.2510223388672
127 | 0.007402637913618066 | 1.0 | 1.0768695068359375 | 0.7945 | 3.7892505054473875 | 0.4315 | -177.57920837402344
128 | 0.007291912611727731 | 1.0 | 1.0586423450112343 | 0.7925 | 3.622790367126465 | 0.4355 | -174.4960479736328
129 | 0.007111822462153681 | 1.0 | 1.0829555025100708 | 0.7855 | 3.7272754096984864 | 0.445 | -171.10716247558594
130 | 0.007016050375126507 | 1.0 | 1.0970351181030273 | 0.7885 | 3.8217004566192627 | 0.4345 | -169.3559112548828
131 | 0.0073578788689551275 | 1.0 | 1.0938530187606812 | 0.7895 | 3.798110954284668 | 0.424 | -167.52687072753906
132 | 0.007271175155279423 | 1.0 | 1.1037165756225586 | 0.784 | 3.656539581298828 | 0.448 | -165.0116729736328
133 | 0.007089833479049966 | 1.0 | 1.1123274087905883 | 0.788 | 3.9289660110473634 | 0.41 | -163.1343536376953
134 | 0.007301633880653103 | 1.0 | 1.1393486828804016 | 0.791 | 4.075114688873291 | 0.418 | -159.00767517089844
135 | 0.04429690028677498 | 0.987098623853211 | 1.5505784978866577 | 0.776 | 6.502795444488525 | 0.412 | -195.59019470214844
136 | 0.08437146695219663 | 0.9703268348623854 | 1.2335009956359864 | 0.795 | 4.142926239013672 | 0.436 | -256.686279296875
137 | 0.012972598494919137 | 0.997993119266055 | 1.1412610576450826 | 0.7905 | 4.074944486618042 | 0.43 | -223.45578002929688
138 | 0.008183769817643483 | 0.9997133027522935 | 1.1455340135097503 | 0.783 | 4.4108378677368165 | 0.4145 | -189.46665954589844
139 | 0.007068071584858069 | 1.0 | 1.1290208992958068 | 0.79 | 3.9435511589050294 | 0.455 | -174.00286865234375
140 | 0.006487282082746061 | 1.0 | 1.1209340262413026 | 0.7875 | 3.8218240242004393 | 0.446 | -170.07957458496094
141 | 0.0063801559346189736 | 1.0 | 1.1171065893173218 | 0.787 | 3.8207121200561525 | 0.441 | -163.90301513671875
142 | 0.0060444817869761665 | 1.0 | 1.120176209449768 | 0.7875 | 3.8289090270996096 | 0.4385 | -161.3927001953125
143 | 0.006099467939022211 | 1.0 | 1.1256211462020873 | 0.791 | 3.920668102264404 | 0.4215 | -156.1020050048828
144 | 0.005968036627772888 | 1.0 | 1.126805773615837 | 0.796 | 3.813373134613037 | 0.4495 | -155.3565216064453
145 | 0.005894186481440423 | 1.0 | 1.125682101726532 | 0.7885 | 3.9357120933532714 | 0.418 | -151.30125427246094
146 | 0.005756025441811172 | 1.0 | 1.134021041870117 | 0.79 | 3.7912663078308104 | 0.4425 | -149.5752716064453
147 | 0.005837901788037441 | 1.0 | 1.1463027195930482 | 0.786 | 3.99583748626709 | 0.432 | -146.39906311035156
148 | 0.0056957064213555885 | 1.0 | 1.1289134564399719 | 0.789 | 4.0648840751647946 | 0.4175 | -145.61363220214844
149 | 0.005594060617422156 | 1.0 | 1.1220827317237854 | 0.7925 | 3.87025177192688 | 0.4175 | -143.8011932373047
150 | 0.0056697530800117815 | 1.0 | 1.1398047485351563 | 0.7895 | 3.8826468925476076 | 0.4275 | -141.42388916015625
151 | 0.005821734752266779 | 1.0 | 1.1358723154067993 | 0.785 | 3.9385129165649415 | 0.4265 | -140.76095581054688
152 | 0.0057536170587217045 | 1.0 | 1.152917857170105 | 0.7835 | 3.975135471343994 | 0.4245 | -139.25753784179688
153 | 0.005786379493790072 | 1.0 | 1.1424605593681336 | 0.7855 | 3.8601679191589358 | 0.424 | -139.3538360595703
154 | 0.00525846751727198 | 1.0 | 1.140935875415802 | 0.794 | 4.013054140090943 | 0.4335 | -134.53749084472656
155 | 0.012473477747017911 | 0.9978497706422018 | 1.5095879802703858 | 0.7705 | 4.728195018768311 | 0.436 | -144.3845977783203
156 | 0.11483666556887329 | 0.9644495412844036 | 1.3812711057662963 | 0.7845 | 5.515751255035401 | 0.383 | -213.4860382080078
157 | 0.026504739531563647 | 0.9938360091743119 | 1.3697069263458252 | 0.788 | 4.047781721115112 | 0.464 | -207.99380493164062
158 | 0.024599703356683458 | 0.9939793577981652 | 1.2488767070770264 | 0.795 | 4.411321537017822 | 0.425 | -205.82162475585938
159 | 0.00673464187015053 | 0.9998566513761468 | 1.1748321213722228 | 0.7935 | 4.4347991905212405 | 0.4035 | -173.0567626953125
160 | 0.0059237810836489735 | 1.0 | 1.180344702243805 | 0.7865 | 4.362145874023438 | 0.407 | -155.0957489013672
161 | 0.005550631580430023 | 1.0 | 1.158221200942993 | 0.7895 | 3.972951402664185 | 0.425 | -150.2645263671875
162 | 0.005345829863981301 | 1.0 | 1.173712965965271 | 0.789 | 3.9727446269989013 | 0.4455 | -142.9453887939453
163 | 0.005240047788418351 | 1.0 | 1.16337541718781 | 0.7835 | 3.921269163131714 | 0.4255 | -140.43182373046875
164 | 0.005167758117916934 | 1.0 | 1.163047472000122 | 0.7855 | 3.9091162090301514 | 0.433 | -137.0977783203125
165 | 0.005049886327202714 | 1.0 | 1.1694221882224083 | 0.7805 | 3.9365916271209715 | 0.4305 | -135.06622314453125
166 | 0.005041182432067367 | 1.0 | 1.1674199986457825 | 0.783 | 3.839812702178955 | 0.437 | -132.67794799804688
167 | 0.004858231259544098 | 1.0 | 1.1602822828292847 | 0.7855 | 3.977906202316284 | 0.428 | -130.9968719482422
168 | 0.0049274041287498465 | 1.0 | 1.1637537746429443 | 0.7845 | 4.201776752471924 | 0.407 | -128.88946533203125
169 | 0.004780772164540895 | 1.0 | 1.169455002784729 | 0.7895 | 4.062530246734619 | 0.439 | -127.50537872314453
170 | 0.004746660196068568 | 1.0 | 1.1682926054000855 | 0.783 | 3.985645502090454 | 0.4325 | -125.5502700805664
171 | 0.004668618909108939 | 1.0 | 1.1548745341300963 | 0.788 | 3.9402463016510008 | 0.435 | -124.33277893066406
172 | 0.004576785045616124 | 1.0 | 1.1704200792312622 | 0.7805 | 4.112774766921997 | 0.4115 | -122.20618438720703
173 | 0.004694597176147983 | 1.0 | 1.1685536251068116 | 0.7885 | 3.9130780410766604 | 0.443 | -120.84504699707031
174 | 0.004729949685514247 | 1.0 | 1.1743901941776276 | 0.784 | 4.053768415451049 | 0.4215 | -119.51836395263672
175 | 0.004374287560060962 | 1.0 | 1.193682668685913 | 0.7825 | 4.176052547454834 | 0.41 | -117.49336242675781
176 | 0.004648253076000634 | 1.0 | 1.200757095336914 | 0.7875 | 4.137697605133057 | 0.4315 | -116.26103210449219
177 | 0.014214273636152438 | 0.9971330275229358 | 1.583661334991455 | 0.751 | 4.644043235778809 | 0.4675 | -122.95250701904297
178 | 0.09867135911897987 | 0.9688933486238532 | 1.4956586699485779 | 0.788 | 6.180084407806397 | 0.406 | -207.013427734375
179 | 0.030498217022336953 | 0.9902522935779816 | 1.3823199186325072 | 0.785 | 4.380482589721679 | 0.4455 | -195.7069091796875
180 | 0.010923334141582284 | 0.997993119266055 | 1.255514198664576 | 0.7825 | 4.163421377182007 | 0.4365 | -175.75514221191406
181 | 0.005389503875123593 | 0.9998566513761468 | 1.2566974754333495 | 0.7895 | 4.228437025070191 | 0.4465 | -148.57408142089844
182 | 0.0050752625112857564 | 1.0 | 1.2419981031417846 | 0.7885 | 4.048398094177246 | 0.4595 | -136.36907958984375
183 | 0.004737375341483965 | 1.0 | 1.2113359732627869 | 0.7855 | 3.886471643447876 | 0.4485 | -134.24049377441406
184 | 0.004609040022024526 | 1.0 | 1.2080008401870728 | 0.7855 | 3.7772219543457033 | 0.457 | -128.4221649169922
185 | 0.004460440412454239 | 1.0 | 1.2099201288223267 | 0.7845 | 3.7952462997436522 | 0.4605 | -124.91317749023438
186 | 0.004323911884107516 | 1.0 | 1.2155704460144043 | 0.78 | 3.911674991607666 | 0.4425 | -122.3896484375
187 | 0.00434520898104876 | 1.0 | 1.2151745977401733 | 0.7805 | 3.9652368965148925 | 0.4405 | -119.28108215332031
188 | 0.004283603796641419 | 1.0 | 1.2137743816375732 | 0.777 | 3.9864197158813477 | 0.4485 | -116.86417388916016
189 | 0.0042211283276011365 | 1.0 | 1.2102648191452026 | 0.784 | 4.069200099945069 | 0.4355 | -115.71487426757812
190 | 0.004065297227865512 | 1.0 | 1.2175455675125122 | 0.7785 | 3.996016139984131 | 0.432 | -113.57979583740234
191 | 0.004120990225976897 | 1.0 | 1.2051575812101365 | 0.7805 | 4.097519012451172 | 0.4265 | -112.09407043457031
192 | 0.004098162401057438 | 1.0 | 1.23755362701416 | 0.7845 | 4.154755054473877 | 0.441 | -110.75944519042969
193 | 0.004166353612480292 | 1.0 | 1.1900054745674133 | 0.7795 | 4.043316528320313 | 0.414 | -110.81411743164062
194 | 0.005506149477137406 | 0.9997133027522935 | 1.2932674503326416 | 0.785 | 4.283569610595703 | 0.436 | -115.90079498291016
195 | 0.004682634203105208 | 0.9998566513761468 | 1.2168287992477418 | 0.778 | 3.9204632873535155 | 0.446 | -115.10368347167969
196 | 0.004093853224906216 | 1.0 | 1.2466503686904906 | 0.7845 | 4.232734916687011 | 0.453 | -108.84931945800781
197 | 0.00469027025146632 | 0.9997133027522935 | 1.2988078455924987 | 0.779 | 4.408842346191406 | 0.4505 | -106.81494140625
198 | 0.11541070962359984 | 0.9670298165137615 | 1.5430815629959107 | 0.7795 | 6.386603672027588 | 0.4165 | -177.94923400878906
199 | 0.03148571127884671 | 0.9888188073394495 | 1.3972429757118225 | 0.7945 | 5.163015077590942 | 0.435 | -185.3524627685547
200 | 0.007824538826703205 | 0.9984231651376146 | 1.3009774188995362 | 0.7835 | 4.382813270568848 | 0.4405 | -166.34713745117188
201 | 0.004962793065965552 | 1.0 | 1.2576571140289308 | 0.7845 | 4.4467824363708495 | 0.419 | -135.34054565429688
202 | 0.004592977208939783 | 1.0 | 1.2431923503875733 | 0.7825 | 3.973367691040039 | 0.4505 | -126.73365020751953
203 | 0.0043793180231175835 | 1.0 | 1.2385849208831787 | 0.776 | 3.9618485279083253 | 0.4465 | -120.62098693847656
204 | 0.004164517194955447 | 1.0 | 1.2336072776317597 | 0.7795 | 4.041993810653686 | 0.451 | -117.50119018554688
205 | 0.004004349704584056 | 1.0 | 1.2210768814086914 | 0.7795 | 3.93998796081543 | 0.444 | -114.71504211425781
206 | 0.004035857816893231 | 1.0 | 1.2566869592666625 | 0.7765 | 3.9632184343338013 | 0.4625 | -111.16547393798828
207 | 0.003854732798121938 | 1.0 | 1.2322074533700944 | 0.7795 | 4.036657440185547 | 0.444 | -108.42156219482422
208 | 0.0038991946195158253 | 1.0 | 1.2359264707565307 | 0.7775 | 4.127640584945679 | 0.4335 | -107.34125518798828
209 | 0.0038276746059520118 | 1.0 | 1.2466416597366332 | 0.7745 | 4.0783059043884275 | 0.434 | -104.07881164550781
210 | 0.003755427035075877 | 1.0 | 1.2466182327270507 | 0.782 | 4.089273366928101 | 0.449 | -102.84028625488281
211 | 0.003707503873231146 | 1.0 | 1.2347691230773925 | 0.7725 | 4.16180163192749 | 0.4315 | -103.0389633178711
212 | 0.0036733346038557795 | 1.0 | 1.2404272937774659 | 0.7745 | 4.194259963989258 | 0.419 | -100.49858093261719
213 | 0.003782811177330553 | 1.0 | 1.2340969643592834 | 0.772 | 4.134143642425537 | 0.414 | -100.53411102294922
214 | 0.003623712273878515 | 1.0 | 1.2336372528076172 | 0.7805 | 4.127747106552124 | 0.42 | -99.53173065185547
215 | 0.0036560149239632514 | 1.0 | 1.2371767392158508 | 0.779 | 4.171184803009033 | 0.4245 | -97.39701080322266
216 | 0.003490187893108969 | 1.0 | 1.2462957334518432 | 0.772 | 4.330033802032471 | 0.4135 | -97.37249755859375
217 | 0.0035362912538469933 | 1.0 | 1.2760785012245177 | 0.772 | 4.2845882911682125 | 0.4125 | -95.30506134033203
218 | 0.003605656146387988 | 1.0 | 1.260105222940445 | 0.7795 | 4.28920630645752 | 0.429 | -94.31224822998047
219 | 0.003607961404726866 | 1.0 | 1.248539542198181 | 0.776 | 4.361458238601685 | 0.4215 | -92.33870697021484
220 | 0.07032347182313903 | 0.9813646788990825 | 1.653135908126831 | 0.789 | 7.159023735046387 | 0.421 | -149.81890869140625
221 | 0.09839688728076465 | 0.96875 | 1.5772388286590575 | 0.7855 | 7.194380798339844 | 0.373 | -207.1603546142578
222 | 0.022473849303840977 | 0.9929759174311926 | 1.4893319773674012 | 0.7765 | 5.593851131439209 | 0.3885 | -187.99996948242188
223 | 0.008764545109610014 | 0.9982798165137615 | 1.372324875831604 | 0.786 | 4.883902011871338 | 0.4345 | -150.75473022460938
224 | 0.004762956786071967 | 0.9998566513761468 | 1.3508935733139515 | 0.782 | 4.353423246383667 | 0.4575 | -131.99493408203125
225 | 0.003984438107507047 | 1.0 | 1.3340440585613251 | 0.7755 | 4.326520851135254 | 0.45 | -120.70917510986328
226 | 0.0038176379081101045 | 1.0 | 1.3114749140739441 | 0.7745 | 4.369158706665039 | 0.4425 | -113.90399932861328
227 | 0.003794279461085728 | 1.0 | 1.3053289887905122 | 0.7735 | 4.264348369598388 | 0.4365 | -109.8432388305664
228 | 0.0038913986859245037 | 1.0 | 1.3020936527252198 | 0.773 | 4.2346593933105465 | 0.4435 | -106.38934326171875
229 | 0.0036712183815709085 | 1.0 | 1.295723175048828 | 0.776 | 4.197069784164428 | 0.445 | -103.96088409423828
230 | 0.003550837150723631 | 1.0 | 1.2876071166992187 | 0.775 | 4.263791507720947 | 0.435 | -101.86250305175781
231 | 0.0034986917354559543 | 1.0 | 1.2968705520629882 | 0.773 | 4.276079669952392 | 0.431 | -100.35581970214844
232 | 0.0034562694175818234 | 1.0 | 1.30448761677742 | 0.7765 | 4.4103150558471675 | 0.4315 | -99.15724182128906
233 | 0.003534960212322687 | 1.0 | 1.2922124557495118 | 0.777 | 4.342727848052979 | 0.4315 | -96.37178039550781
234 | 0.003341548671356377 | 1.0 | 1.2892362833023072 | 0.7705 | 4.265665233612061 | 0.43 | -96.45787811279297
235 | 0.0034757749019446995 | 1.0 | 1.299691153049469 | 0.7705 | 4.346547193527222 | 0.423 | -93.35491180419922
236 | 0.0032497107408035104 | 1.0 | 1.3090303106307983 | 0.7685 | 4.3215447006225585 | 0.4205 | -93.20893859863281
237 | 0.0033183553482516916 | 1.0 | 1.2996634590625762 | 0.773 | 4.352046257019043 | 0.4325 | -91.2879638671875
238 | 0.003298010275519769 | 1.0 | 1.3094074816703796 | 0.777 | 4.27303052520752 | 0.431 | -89.55538177490234
239 | 0.0031786517682271674 | 1.0 | 1.2774038562774659 | 0.7715 | 4.207545223236084 | 0.431 | -89.95133972167969
240 | 0.0033374386049226062 | 1.0 | 1.2696297836303712 | 0.7745 | 4.155936618804931 | 0.4535 | -88.37356567382812
241 | 0.05018755420882238 | 0.9872419724770642 | 1.935842321395874 | 0.7775 | 6.959502380371093 | 0.489 | -123.56040954589844
242 | 0.10129389804552967 | 0.9678899082568807 | 1.582004898071289 | 0.7815 | 5.633793823242187 | 0.4095 | -188.77572631835938
243 | 0.023621663914185975 | 0.992545871559633 | 1.4868321962356568 | 0.7845 | 5.606752906799317 | 0.3775 | -173.1012725830078
244 | 0.004585639178462395 | 0.9997133027522935 | 1.3945059428215028 | 0.781 | 4.742500442504883 | 0.417 | -147.3522186279297
245 | 0.004035995086578123 | 0.9998566513761468 | 1.3675014209747314 | 0.7795 | 4.498202981948853 | 0.436 | -122.8166275024414
246 | 0.00383167480409077 | 1.0 | 1.3546744966506958 | 0.785 | 4.461365263938903 | 0.4435 | -113.92914581298828
247 | 0.0037998651077441117 | 1.0 | 1.3577504749298095 | 0.775 | 4.4827195835113525 | 0.426 | -108.95559692382812
248 | 0.003516725728014877 | 1.0 | 1.3449423923492432 | 0.7785 | 4.435840976715088 | 0.4315 | -105.8857192993164
249 | 0.0035002221472971483 | 1.0 | 1.331725492477417 | 0.776 | 4.497174579620362 | 0.426 | -102.01026916503906
250 | 0.003383563429335081 | 1.0 | 1.3298645477294921 | 0.772 | 4.499596530914307 | 0.4305 | -96.89153289794922
251 | 0.0032778671321057537 | 1.0 | 1.3289418716430663 | 0.7755 | 4.590975217819214 | 0.4285 | -95.41453552246094
252 | 0.0033842834693149004 | 1.0 | 1.3237505435943604 | 0.774 | 4.43006436920166 | 0.4225 | -93.90435791015625
253 | 0.00329479949181438 | 1.0 | 1.3084161052703858 | 0.7725 | 4.194959186553955 | 0.4595 | -90.6351089477539
254 | 0.003239171491901672 | 1.0 | 1.3056285438537598 | 0.7745 | 4.312012878417969 | 0.435 | -89.5042953491211
255 | 0.0031749887590578527 | 1.0 | 1.3201650075912477 | 0.7775 | 4.485321403503418 | 0.4135 | -87.88622283935547
256 | 0.003208084027667385 | 1.0 | 1.3122106704711913 | 0.7735 | 4.245290294647217 | 0.427 | -88.55712127685547
257 | 0.0030848785205274273 | 1.0 | 1.3011200904846192 | 0.775 | 4.364162002563477 | 0.4365 | -86.23758697509766
258 | 0.0030997951574828647 | 1.0 | 1.31615159535408 | 0.7755 | 4.470907585144043 | 0.4255 | -84.96842956542969
259 | 0.0030597634538751814 | 1.0 | 1.3176998414993286 | 0.7745 | 4.475599361419678 | 0.4145 | -83.4610595703125
260 | 0.00292786243670714 | 1.0 | 1.3049125669002533 | 0.773 | 4.376587127685547 | 0.4265 | -83.92089080810547
261 | 0.0030387722387260527 | 1.0 | 1.3364634294509887 | 0.7735 | 4.386001476287841 | 0.4375 | -81.7584457397461
262 | 0.003051037892673609 | 1.0 | 1.3178146693706512 | 0.7725 | 4.413230262756348 | 0.4215 | -82.18384552001953
263 | 0.0030790478879705483 | 1.0 | 1.3084569482803345 | 0.775 | 4.514513458251953 | 0.455 | -81.87419128417969
264 | 0.0030911185489241205 | 1.0 | 1.3225393414497375 | 0.7745 | 4.468459976196289 | 0.42 | -79.71280670166016
265 | 0.0029221276427969472 | 1.0 | 1.3011695408821107 | 0.7775 | 4.386173095703125 | 0.431 | -78.83621215820312
266 | 0.002872651629790732 | 1.0 | 1.3077628202438354 | 0.7695 | 4.3509745788574214 | 0.4325 | -77.82295227050781
267 | 0.0029562418146161446 | 1.0 | 1.3081460227966308 | 0.7685 | 4.416736221313476 | 0.4235 | -78.00938415527344
268 | 0.0027874349936877095 | 1.0 | 1.3297671775817872 | 0.769 | 4.1833828125 | 0.4395 | -75.68372344970703
269 | 0.002871531148338605 | 1.0 | 1.3168576769828797 | 0.771 | 4.368752716064453 | 0.423 | -75.1121826171875
270 | 0.0027480961524223514 | 1.0 | 1.2941259443759918 | 0.772 | 4.444856101989746 | 0.403 | -75.33771514892578
271 | 0.04357705012907983 | 0.9896788990825688 | 2.1869150305986405 | 0.7655 | 9.05607421875 | 0.453 | -88.88493347167969
272 | 0.18464142224674515 | 0.9529816513761468 | 1.7073625993728638 | 0.799 | 6.086509006500244 | 0.4485 | -185.50148010253906
273 | 0.01737787182936274 | 0.994552752293578 | 1.4501702470779418 | 0.783 | 5.109293655395508 | 0.438 | -161.135009765625
274 | 0.007717886318585092 | 0.9985665137614679 | 1.4877287578582763 | 0.7805 | 5.675924667358398 | 0.4245 | -133.42562866210938
275 | 0.004265096833194614 | 0.9998566513761468 | 1.3776880588531495 | 0.7735 | 4.670138680458069 | 0.4525 | -122.4132308959961
276 | 0.003762264261791192 | 1.0 | 1.3670315055847169 | 0.7775 | 4.622523155212402 | 0.4335 | -105.33059692382812
277 | 0.0035857203899276094 | 1.0 | 1.3683725337982178 | 0.777 | 4.412588195800781 | 0.4545 | -101.1787109375
278 | 0.0033360498545076185 | 1.0 | 1.3832366924285888 | 0.7645 | 4.550806621551514 | 0.4485 | -96.492919921875
279 | 0.003417397281069548 | 1.0 | 1.3706826457977295 | 0.769 | 4.6413636398315425 | 0.441 | -91.7007064819336
280 | 0.003241358393239319 | 1.0 | 1.3674311685562133 | 0.764 | 4.421316207885742 | 0.436 | -91.39297485351562
281 | 0.003079099638319207 | 1.0 | 1.371259320616722 | 0.7645 | 4.245582984924316 | 0.457 | -88.23287963867188
282 | 0.0030445893083639237 | 1.0 | 1.3657457180023194 | 0.77 | 4.524941747665405 | 0.429 | -85.69676208496094
283 | 0.0030295876967677965 | 1.0 | 1.3545831909179689 | 0.7725 | 4.495541824340821 | 0.4385 | -85.23534393310547
284 | 0.0030078859572563697 | 1.0 | 1.3445241823196412 | 0.7715 | 4.227712718963623 | 0.4475 | -82.1290054321289
285 | 0.0029021885209725403 | 1.0 | 1.3587835969924926 | 0.767 | 4.404002368927002 | 0.437 | -80.07728576660156
286 | 0.003004256170243025 | 1.0 | 1.3665264329910278 | 0.765 | 4.498908653259277 | 0.4195 | -79.2962417602539
287 | 0.0028396627161899634 | 1.0 | 1.3582726335525512 | 0.7675 | 4.316369300842285 | 0.448 | -79.64871978759766
288 | 0.0028590207487994104 | 1.0 | 1.350206090927124 | 0.7705 | 4.364755760192871 | 0.4245 | -77.54803466796875
289 | 0.002799297139313448 | 1.0 | 1.3369658508300781 | 0.7725 | 4.501721885681152 | 0.426 | -75.99565124511719
290 | 0.0027254172344478443 | 1.0 | 1.356797255039215 | 0.77 | 4.425421283721924 | 0.4355 | -75.46672058105469
291 | 0.0027051465041132284 | 1.0 | 1.3552746887207032 | 0.767 | 4.499410354614258 | 0.4145 | -73.75752258300781
292 | 0.002706534672451607 | 1.0 | 1.3551379113197326 | 0.7695 | 4.625618339538574 | 0.4005 | -73.6629638671875
293 | 0.0026028830052883187 | 1.0 | 1.368276702284813 | 0.7665 | 4.618420349121093 | 0.4155 | -72.8979721069336
294 | 0.002635084984422482 | 1.0 | 1.3617073469161987 | 0.7705 | 4.526998622894287 | 0.4155 | -72.89872741699219
295 | 0.0026968171790139666 | 1.0 | 1.346846510887146 | 0.77 | 4.276402486801148 | 0.429 | -71.72417449951172
296 | 0.0026159956837671066 | 1.0 | 1.3619773931503296 | 0.771 | 4.494570980072021 | 0.4155 | -71.51231384277344
297 | 0.0026870995905216135 | 1.0 | 1.3577586059570312 | 0.775 | 4.483223209381103 | 0.4105 | -69.95954132080078
298 | 0.002742829137169884 | 1.0 | 1.3576602249145509 | 0.7725 | 4.526546607971191 | 0.433 | -71.68920135498047
299 | 0.0027710751148684104 | 1.0 | 1.389332640647888 | 0.7705 | 4.884091648101807 | 0.41 | -70.65763854980469
