epoch | target_train_loss | target_val_loss | target_val_acc | discrim_loss | discrim_acc
0 | 11.746060956407476 | 11.668042255946569 | 0.49914285714285717 | 0.17928848665690533 | 0.9207175925925926
1 | 23.841482709955287 | 59.73922745186942 | 0.12071428571428572 | 0.003358363773494838 | 0.9990596064814815
2 | 23.660176347803187 | 59.17804688807896 | 0.11442857142857144 | 0.0006704227851986178 | 1.0
3 | 30.740389506022137 | 13.81253464617048 | 0.354 | 0.002775723246385395 | 0.9992766203703703
4 | 34.05435041145042 | 9.110361099243164 | 0.18771428571428572 | 0.020899943143241992 | 0.9929832175925926
5 | 12.655372107470477 | 3.8174495718819754 | 0.11542857142857142 | 0.003321607702538906 | 0.9992766203703703
6 | 6.695527014908968 | 2.4185460305895123 | 0.16257142857142856 | 0.01966773236442047 | 0.9978298611111112
7 | 6.149057909294411 | 2.449983711242676 | 0.09857142857142857 | 0.007676423086431222 | 0.9992766203703703
8 | 7.901259969781946 | 2.364237082345145 | 0.1972857142857143 | 0.004599415617526069 | 0.9992042824074074
9 | 8.2440106427228 | 2.5693582161494666 | 0.21642857142857144 | 0.003635404426488633 | 0.9995659722222222
10 | 11.374000204934013 | 3.4706394037519184 | 0.257 | 0.011927090205938806 | 0.9971788194444444
11 | 22.89857973875823 | 4.7541367389134 | 0.09257142857142857 | 0.05507363941349771 | 0.9861111111111112
12 | 13.277716495372632 | 3.691605304445539 | 0.21614285714285714 | 0.04026199083980626 | 0.9912471064814815
13 | 14.2853923285449 | 4.689789294106619 | 0.11085714285714286 | 0.019557806346538368 | 0.9964554398148148
14 | 17.200731807284885 | 2.9039842324938094 | 0.2542857142857143 | 0.15475225068136447 | 0.9660734953703703
15 | 7.85921906541895 | 4.00892559678214 | 0.216 | 0.05272455240979239 | 0.9871961805555556
16 | 7.361521257294549 | 3.7712145862579347 | 0.18257142857142858 | 0.04529649543649241 | 0.98828125
17 | 8.97195061047872 | 3.7544887828826905 | 0.22785714285714287 | 0.03388783086571762 | 0.9915364583333334
18 | 16.547913904543275 | 3.4547035781315394 | 0.17557142857142857 | 0.04088484283136356 | 0.9880642361111112
19 | 8.012564561985156 | 5.048592565808978 | 0.13142857142857142 | 0.10803151147922983 | 0.9720775462962963
20 | 6.881784642184222 | 4.825337509155274 | 0.07928571428571428 | 0.09648781819527762 | 0.9745370370370371
21 | 15.267583749912403 | 3.292103133337838 | 0.16442857142857142 | 0.05427330001947229 | 0.984375
22 | 10.368618214571917 | 4.591443543570382 | 0.09228571428571429 | 0.05394505224453665 | 0.986328125
23 | 5.90016394632834 | 2.8339183393205913 | 0.18014285714285713 | 0.04311061491844831 | 0.9904513888888888
24 | 7.114749603801304 | 5.004511036464146 | 0.12071428571428572 | 0.022918687061906827 | 0.9944299768518519
25 | 11.147072712580362 | 3.451044014249529 | 0.27285714285714285 | 0.02493534406487554 | 0.9940682870370371
26 | 8.08003490059464 | 7.793078505379813 | 0.07457142857142857 | 0.05134398773036621 | 0.9895833333333334
27 | 8.444778195133916 | 3.187261407852173 | 0.126 | 0.0156611107371713 | 0.9958043981481481
28 | 6.331737955411275 | 3.699769644056048 | 0.1667142857142857 | 0.01678604342440074 | 0.9962384259259259
29 | 7.968111903579147 | 4.26349099785941 | 0.21057142857142858 | 0.01132627925081006 | 0.9969618055555556
30 | 12.562566103758636 | 3.137443529401507 | 0.15857142857142856 | 0.013705634848789757 | 0.9959490740740741
31 | 8.681387998439648 | 3.937710653032575 | 0.15442857142857142 | 0.024515227421674085 | 0.9926938657407407
32 | 7.536843714890657 | 3.790054229736328 | 0.21328571428571427 | 0.015705357956769014 | 0.9952980324074074
33 | 10.690626665397927 | 3.225701647077288 | 0.2557142857142857 | 0.011377228153193116 | 0.9968894675925926
34 | 11.54288892392759 | 3.656523460115705 | 0.15728571428571428 | 0.023345795468668693 | 0.9936342592592593
35 | 9.630863728346649 | 3.1116215297154017 | 0.16585714285714287 | 0.008909878551262577 | 0.9974681712962963
36 | 13.06902633772956 | 4.6634811025347025 | 0.10714285714285714 | 0.039258693922656004 | 0.9883535879629629
37 | 9.610304752985636 | 3.0794621129717146 | 0.20442857142857143 | 0.04260149427379171 | 0.9876302083333334
38 | 7.990938433894405 | 4.328940780094691 | 0.30128571428571427 | 0.0456393170170486 | 0.9861111111111112
39 | 14.97156768374973 | 7.0017307717459545 | 0.08457142857142858 | 0.0601551313472252 | 0.9819878472222222
40 | 13.469924335126523 | 3.6480850702013288 | 0.14457142857142857 | 0.04636157085877602 | 0.9879195601851852
41 | 12.03774141382288 | 8.045636918749128 | 0.21414285714285713 | 0.040251517865625724 | 0.9877025462962963
42 | 9.522349189828944 | 6.699389568328858 | 0.16614285714285715 | 0.06703461074546256 | 0.9801793981481481
43 | 8.675640574208012 | 3.8042428493499756 | 0.20285714285714285 | 0.029120191203050868 | 0.9913194444444444
44 | 7.715606883720115 | 4.06348950277056 | 0.2377142857142857 | 0.03589722694380692 | 0.9878472222222222
45 | 13.946001141159623 | 5.309620379311697 | 0.144 | 0.09369893897868072 | 0.9730179398148148
46 | 6.919337652347706 | 3.6615824936458043 | 0.24457142857142858 | 0.05833326852707951 | 0.9818431712962963
47 | 6.526605879818952 | 4.077451241356986 | 0.212 | 0.020405523858412548 | 0.9939236111111112
48 | 7.724704398049249 | 4.175250731876918 | 0.26385714285714285 | 0.0387522146123013 | 0.9877025462962963
49 | 8.775435403541282 | 4.01613266318185 | 0.2422857142857143 | 0.02382195450546634 | 0.9923321759259259
50 | 7.101422910337095 | 3.3088932059151785 | 0.2581428571428571 | 0.017469419916677806 | 0.9953703703703703
51 | 8.529045776084617 | 4.134916859218053 | 0.2682857142857143 | 0.031820735118041434 | 0.9895833333333334
52 | 11.622413008301347 | 4.140805088043213 | 0.29128571428571426 | 0.03901435935835319 | 0.9888599537037037
53 | 7.3029421347158925 | 4.137772293908255 | 0.14457142857142857 | 0.041062705054948176 | 0.9861111111111112
54 | 7.0212330023447675 | 3.5224281962258477 | 0.2732857142857143 | 0.019881039586228628 | 0.9948640046296297
55 | 8.146717309951782 | 5.774519434792655 | 0.17014285714285715 | 0.016202867113019305 | 0.9955873842592593
56 | 7.434593633369163 | 4.063730250494821 | 0.18471428571428572 | 0.02887726381972984 | 0.9916087962962963
57 | 12.407750827294809 | 3.6850424812861853 | 0.24885714285714286 | 0.03574362608749113 | 0.9898726851851852
58 | 9.728208590436864 | 3.9885470760890414 | 0.17842857142857144 | 0.10921379381842497 | 0.9674479166666666
59 | 7.923456615871853 | 5.978455879756383 | 0.1747142857142857 | 0.03833171055022696 | 0.9859664351851852
60 | 7.327659695236771 | 4.047766078948975 | 0.20214285714285715 | 0.017604479003542412 | 0.9950810185185185
61 | 7.34385805659824 | 3.4327054138183595 | 0.21528571428571427 | 0.012188348354323319 | 0.9973234953703703
62 | 7.864941888385349 | 4.7741903234209335 | 0.18742857142857142 | 0.017486914332645636 | 0.9950086805555556
63 | 9.84516912036472 | 4.288209624154227 | 0.19885714285714284 | 0.02161989576092714 | 0.9934172453703703
64 | 10.028050996639111 | 4.906775405338832 | 0.1722857142857143 | 0.02699364847514382 | 0.9912471064814815
65 | 8.879272717016715 | 3.5821383500780377 | 0.2377142857142857 | 0.04958229411945299 | 0.9848090277777778
66 | 7.359688334994846 | 5.480520436968122 | 0.16314285714285715 | 0.0189693933406724 | 0.9937789351851852
67 | 8.133690260074756 | 4.977921517508371 | 0.16085714285714287 | 0.012582924648153561 | 0.9958043981481481
68 | 11.4331598105254 | 10.923946148463658 | 0.12457142857142857 | 0.016249868475521605 | 0.9939959490740741
69 | 10.299478557374742 | 5.462730427333287 | 0.144 | 0.024615156049818593 | 0.9916087962962963
70 | 7.69209141642959 | 3.457365121296474 | 0.1772857142857143 | 0.02176267131128245 | 0.9932725694444444
71 | 8.121389989499692 | 4.457351543426514 | 0.19214285714285714 | 0.012975602712551201 | 0.9955873842592593
72 | 9.929576026068794 | 4.498550310407366 | 0.16114285714285714 | 0.019343013252148888 | 0.9932725694444444
73 | 8.882117015344125 | 6.55018130002703 | 0.12985714285714287 | 0.03013071810386868 | 0.9893663194444444
74 | 8.677630027135214 | 4.932424963814872 | 0.24985714285714286 | 0.019502925975420686 | 0.994140625
75 | 9.101918600223682 | 3.365742615836007 | 0.24614285714285714 | 0.02240438620922052 | 0.9937065972222222
76 | 8.3306240329036 | 5.5833145550319125 | 0.17757142857142857 | 0.01059793122112751 | 0.9963107638888888
77 | 8.941569222344292 | 5.5008153893607 | 0.18314285714285714 | 0.013193316380407109 | 0.9960214120370371
78 | 8.88497605147185 | 4.9559296662466865 | 0.20157142857142857 | 0.02528915628445921 | 0.9913194444444444
79 | 9.361031903160942 | 5.270322019849504 | 0.175 | 0.020103742316779163 | 0.9929832175925926
80 | 9.095706365726612 | 6.92808120400565 | 0.1357142857142857 | 0.03322969537866474 | 0.9895109953703703
81 | 9.868677430682713 | 4.787339086805071 | 0.1747142857142857 | 0.02331810459037553 | 0.9921151620370371
82 | 9.108571220327306 | 4.228411746706281 | 0.239 | 0.02085940684709284 | 0.9930555555555556
83 | 8.22754481986717 | 3.515687848499843 | 0.26385714285714285 | 0.006283222663181799 | 0.9985532407407407
84 | 8.545158545176188 | 4.582254685538156 | 0.20042857142857143 | 0.009771242077005337 | 0.9973958333333334
85 | 11.472210522051212 | 6.132796751294817 | 0.18328571428571427 | 0.012321341945035211 | 0.9957320601851852
86 | 10.17823956630848 | 4.689842766353062 | 0.218 | 0.02053777070250362 | 0.9928385416666666
87 | 9.511485629611546 | 4.3320063214983255 | 0.25842857142857145 | 0.01556886362420671 | 0.9942853009259259
88 | 10.281318134731716 | 4.713581562587193 | 0.16557142857142856 | 0.01607582067178252 | 0.9950810185185185
89 | 8.391819874445597 | 4.998384365626744 | 0.11928571428571429 | 0.009694664455579457 | 0.9971064814814815
90 | 9.405556634620384 | 4.945268000466483 | 0.18671428571428572 | 0.016503069774006254 | 0.9946469907407407
91 | 11.72188190177635 | 6.370819640568325 | 0.18742857142857142 | 0.04228655144537764 | 0.9879918981481481
92 | 9.448200234660396 | 6.377162369864328 | 0.17242857142857143 | 0.025840922047522058 | 0.9913917824074074
93 | 7.556843916575114 | 7.528201812744141 | 0.06385714285714286 | 0.013328377209189866 | 0.9958767361111112
94 | 10.47918453922978 | 4.747461166381836 | 0.23385714285714285 | 0.028043439696948218 | 0.9914641203703703
95 | 9.772511084874472 | 6.596437689099993 | 0.18814285714285714 | 0.02315443771874049 | 0.9922598379629629
96 | 10.428742832607693 | 7.01772511618478 | 0.1742857142857143 | 0.01758071508569022 | 0.9938512731481481
97 | 10.090372791996709 | 5.287588560376848 | 0.244 | 0.030623898358532676 | 0.9906684027777778
98 | 9.170238353587964 | 5.051743192400251 | 0.24542857142857144 | 0.015800030785612762 | 0.9947916666666666
99 | 10.090175831759417 | 6.017380040849958 | 0.19228571428571428 | 0.011631149102295577 | 0.9965277777777778
100 | 11.961074113845825 | 4.377138474055699 | 0.24085714285714285 | 0.024344498543844868 | 0.9919704861111112
101 | 8.257121624769988 | 4.0501771079472135 | 0.28614285714285714 | 0.013399755903433456 | 0.9958043981481481
102 | 9.62364673614502 | 6.572451892852783 | 0.18814285714285714 | 0.011851085765455436 | 0.9961660879629629
103 | 10.218550267042938 | 4.226726737158639 | 0.27314285714285713 | 0.019268422252800385 | 0.9934895833333334
104 | 8.763672404819065 | 4.388783816473825 | 0.24057142857142857 | 0.017526045348926413 | 0.9943576388888888
105 | 10.561849823704472 | 4.397598758152553 | 0.2855714285714286 | 0.014130403283397082 | 0.9958767361111112
106 | 9.716782825964469 | 5.307445713588169 | 0.26871428571428574 | 0.017331337731943845 | 0.9948640046296297
107 | 9.797962153399432 | 5.712136439187186 | 0.20685714285714285 | 0.01476636529076603 | 0.994140625
108 | 11.162627908918592 | 5.730949348994664 | 0.2402857142857143 | 0.013695595054068017 | 0.9958043981481481
109 | 10.297059606622767 | 5.574088051387242 | 0.26757142857142857 | 0.020066069046690786 | 0.9925491898148148
110 | 8.814437062652022 | 5.348679435185024 | 0.2775714285714286 | 0.01524893615041273 | 0.9942129629629629
111 | 9.162937023021557 | 4.523105906895228 | 0.21185714285714285 | 0.007181267074041965 | 0.9979745370370371
112 | 10.933154273916173 | 5.131412352970668 | 0.24557142857142858 | 0.012936436862219125 | 0.9952256944444444
113 | 10.561057956130416 | 4.2112261603219165 | 0.2957142857142857 | 0.013757339197952577 | 0.9952256944444444
114 | 10.876120496679235 | 5.403093631471906 | 0.27314285714285713 | 0.01374884460043783 | 0.9951533564814815
115 | 11.446883572472466 | 4.552116923740932 | 0.2752857142857143 | 0.02159521343721146 | 0.9921875
116 | 10.827506356769138 | 3.9509962921142576 | 0.32571428571428573 | 0.02774709160870838 | 0.9913194444444444
117 | 10.08298083587929 | 3.5869679151262557 | 0.27414285714285713 | 0.014167467274496125 | 0.9947916666666666
118 | 9.96756586322078 | 4.286623403821673 | 0.274 | 0.014889046808497773 | 0.9950810185185185
119 | 12.31559513233326 | 8.044139106750489 | 0.22442857142857142 | 0.018389271178791574 | 0.9939959490740741
120 | 9.747014593195033 | 4.1236606804983955 | 0.29028571428571426 | 0.02263615962281754 | 0.9918981481481481
121 | 9.73528023119326 | 5.522798757825579 | 0.17971428571428572 | 0.012557679336707763 | 0.9954427083333334
122 | 12.184247564386439 | 6.034816408429827 | 0.15371428571428572 | 0.015520146651262487 | 0.9946469907407407
123 | 10.27608957114043 | 4.510736137390137 | 0.1657142857142857 | 0.030450451440561598 | 0.9911747685185185
124 | 8.751707633336386 | 7.603970674787249 | 0.17357142857142857 | 0.018651656681430286 | 0.9939236111111112
125 | 10.533100207646688 | 5.279562857491629 | 0.211 | 0.017826043362556783 | 0.9945746527777778
126 | 10.729784365053531 | 4.471294976370675 | 0.195 | 0.017364885255961714 | 0.9939959490740741
127 | 9.616261650014806 | 4.854325891222272 | 0.11542857142857142 | 0.01111997072304668 | 0.9957320601851852
128 | 9.965266254213121 | 5.019410978044783 | 0.22228571428571428 | 0.008214875415163718 | 0.9969618055555556
129 | 10.984782218933105 | 4.927206019810268 | 0.211 | 0.016304624964605965 | 0.9950086805555556
130 | 9.594277452539515 | 4.211344629015241 | 0.1997142857142857 | 0.009617640102213179 | 0.9970341435185185
131 | 10.41476708871347 | 4.470557284218924 | 0.18442857142857144 | 0.006642483929883585 | 0.9976128472222222
132 | 11.215657269513166 | 6.133785285949707 | 0.17114285714285715 | 0.011401982679941554 | 0.9961660879629629
133 | 13.574372909687183 | 7.673178474971226 | 0.11485714285714285 | 0.03523815310877075 | 0.9892216435185185
134 | 10.36466435149864 | 4.151648766653878 | 0.2327142857142857 | 0.024767877001539564 | 0.9921875
135 | 8.333076485881099 | 3.976804243360247 | 0.2047142857142857 | 0.013214577216853353 | 0.9955873842592593
136 | 10.255306349860298 | 4.650036464146205 | 0.18857142857142858 | 0.007729749587101482 | 0.9978298611111112
137 | 12.46437583146272 | 5.111569921766009 | 0.21385714285714286 | 0.021940955590387737 | 0.9923321759259259
138 | 9.58212267027961 | 5.273460307529994 | 0.19185714285714286 | 0.01675102084819055 | 0.9942853009259259
139 | 11.015343825022379 | 5.153388790130615 | 0.15542857142857142 | 0.01269682269830136 | 0.9960214120370371
140 | 10.185705361542878 | 4.423932385035924 | 0.24814285714285714 | 0.012121185327285074 | 0.9962384259259259
141 | 10.511278187787092 | 4.487529594421387 | 0.2704285714285714 | 0.013986589111111782 | 0.9955150462962963
142 | 11.414269164756492 | 4.514746861049107 | 0.244 | 0.01762657593698586 | 0.9945746527777778
143 | 12.384746745780662 | 6.812146847861154 | 0.21357142857142858 | 0.02684642760410767 | 0.9908854166666666
144 | 11.053371049739697 | 4.105909914834159 | 0.26671428571428574 | 0.029261723374171805 | 0.9903067129629629
145 | 10.938234037823147 | 5.436172533307757 | 0.19157142857142856 | 0.026549108211097686 | 0.9913194444444444
146 | 10.529112886499476 | 6.765121074131557 | 0.187 | 0.030594807545033593 | 0.9905237268518519
147 | 10.936222235361734 | 4.973783526829311 | 0.2022857142857143 | 0.025184839101577247 | 0.9909577546296297
148 | 9.523874927450109 | 4.799190466744559 | 0.27014285714285713 | 0.01733965808266981 | 0.9939959490740741
149 | 11.002358118693033 | 4.319639763423375 | 0.25685714285714284 | 0.01933998745948042 | 0.9937065972222222
150 | 10.425391214865225 | 5.047430496760777 | 0.22 | 0.01780136746863179 | 0.9937789351851852
151 | 11.439975773846662 | 4.340163949148995 | 0.27785714285714286 | 0.013044702614597217 | 0.9950810185185185
152 | 11.305462448685258 | 4.997679864610944 | 0.25642857142857145 | 0.011737643978213546 | 0.9963831018518519
153 | 9.674132682659009 | 4.826073571886335 | 0.2512857142857143 | 0.011369615754423043 | 0.9965277777777778
154 | 11.84421451886495 | 6.685422268458775 | 0.2948571428571429 | 0.018987037664003396 | 0.9937065972222222
155 | 10.804306348164877 | 3.449502980368478 | 0.416 | 0.017068770012378484 | 0.9939236111111112
156 | 10.264461958849871 | 4.119234073093959 | 0.3147142857142857 | 0.011063459057671329 | 0.9962384259259259
157 | 15.051165209876167 | 4.108691674913679 | 0.39914285714285713 | 0.028375668431787442 | 0.9900896990740741
158 | 10.368602258187753 | 5.469974590301514 | 0.283 | 0.03886011216996445 | 0.9884982638888888
159 | 10.026405625873142 | 3.933092271532331 | 0.38457142857142856 | 0.04816049341159804 | 0.9866898148148148
160 | 9.404522639733774 | 3.2212702713012695 | 0.35914285714285715 | 0.0116867114923446 | 0.9963107638888888
161 | 10.353521355876216 | 3.4784128415243964 | 0.35628571428571426 | 0.013944185651511091 | 0.9945023148148148
162 | 10.809850842864424 | 3.9626814286368233 | 0.32957142857142857 | 0.015372275774737957 | 0.9948640046296297
163 | 11.299680674517596 | 3.6666175215584893 | 0.36214285714285716 | 0.01821503198395173 | 0.9939959490740741
164 | 11.28577325962208 | 3.861633815765381 | 0.3871428571428571 | 0.01687345898675698 | 0.9943576388888888
165 | 12.104166525381583 | 3.635486253465925 | 0.3932857142857143 | 0.014003446797788557 | 0.9944299768518519
166 | 13.65431766156797 | 4.500335855756487 | 0.3047142857142857 | 0.023269159343153996 | 0.9923321759259259
167 | 12.232254646442554 | 4.17375129209246 | 0.40814285714285714 | 0.032751490504273936 | 0.9890769675925926
168 | 11.993734977863452 | 3.733141318729946 | 0.3345714285714286 | 0.02360467606060276 | 0.9918981481481481
169 | 11.037906320006758 | 3.765547679356166 | 0.29528571428571426 | 0.01666814113290187 | 0.9950086805555556
170 | 10.903552020037615 | 5.926004334586008 | 0.255 | 0.014658204956773531 | 0.9954427083333334
171 | 12.35599629967301 | 4.200751361846923 | 0.2601428571428571 | 0.019439409597975167 | 0.9943576388888888
172 | 12.204618913156015 | 5.912660494123187 | 0.19685714285714287 | 0.023240331387636683 | 0.9911747685185185
173 | 10.727886182290536 | 4.032481158665249 | 0.3688571428571429 | 0.017747576948884805 | 0.9935619212962963
174 | 12.34001820175736 | 3.1717969262259347 | 0.31085714285714283 | 0.0138180629122265 | 0.9950086805555556
175 | 11.594264860506412 | 5.582821237291609 | 0.16214285714285714 | 0.016765558913229377 | 0.9942129629629629
176 | 10.872262884069372 | 3.449609352384295 | 0.3881428571428571 | 0.014081069341584764 | 0.9948640046296297
177 | 12.380064045941388 | 4.8770261541094095 | 0.3382857142857143 | 0.017377091843324404 | 0.9944299768518519
178 | 10.26501577871817 | 4.493874148777553 | 0.327 | 0.025159060238231043 | 0.9924045138888888
179 | 10.8076895431236 | 4.222725646972656 | 0.32042857142857145 | 0.014629183203430363 | 0.9947193287037037
180 | 10.058646793718692 | 5.565691117422921 | 0.18142857142857144 | 0.01485584583672419 | 0.9955873842592593
181 | 11.900049615789342 | 5.711804301670619 | 0.268 | 0.012463481578850877 | 0.9951533564814815
182 | 12.28828196172361 | 4.850640990665981 | 0.22685714285714287 | 0.012657918581546121 | 0.9952980324074074
183 | 11.510922926443595 | 4.965856982094901 | 0.2815714285714286 | 0.02169177598854596 | 0.9927662037037037
184 | 10.752293957604302 | 4.026669747216361 | 0.2965714285714286 | 0.021484208717959485 | 0.9925491898148148
185 | 9.014163034933585 | 3.697421748842512 | 0.29114285714285715 | 0.013849544099583808 | 0.9955150462962963
186 | 11.839032385084364 | 3.7665945113045827 | 0.3335714285714286 | 0.01625972838061258 | 0.9943576388888888
187 | 10.851528238367152 | 4.517188929421561 | 0.17342857142857143 | 0.012111758042549438 | 0.9961660879629629
188 | 9.391488287183973 | 3.547368827002389 | 0.25257142857142856 | 0.009069757181418094 | 0.9969618055555556
189 | 11.142767764903882 | 2.8580592932019915 | 0.39485714285714285 | 0.009120994520748759 | 0.9968894675925926
190 | 11.33729507305004 | 4.773485548291887 | 0.3222857142857143 | 0.009059088166665149 | 0.9969618055555556
191 | 13.917776549303973 | 4.113449020930699 | 0.32385714285714284 | 0.024589449113355605 | 0.9913194444444444
192 | 11.09522224355627 | 4.04379118837629 | 0.378 | 0.028422591496362455 | 0.9900173611111112
193 | 9.190220479611996 | 3.11719660622733 | 0.4417142857142857 | 0.017895600484701357 | 0.9942129629629629
194 | 11.42244761078446 | 3.6005608030046736 | 0.36914285714285716 | 0.013257014440131132 | 0.9956597222222222
195 | 10.28006159817731 | 3.7489654829842705 | 0.32057142857142856 | 0.022861691027948702 | 0.9917534722222222
196 | 10.092488059291133 | 3.178896613257272 | 0.47785714285714287 | 0.014762691211352055 | 0.9945746527777778
197 | 11.235455601303666 | 3.936526980808803 | 0.43814285714285717 | 0.02469157180921347 | 0.9901620370370371
198 | 11.227901458740234 | 3.5454555222647532 | 0.46714285714285714 | 0.03043009215293245 | 0.9898003472222222
199 | 11.457492545798972 | 4.410394018990653 | 0.27614285714285713 | 0.02108569637466981 | 0.9921875
200 | 9.403245563860294 | 3.1372452746800015 | 0.41942857142857143 | 0.020965113265750308 | 0.9929832175925926
201 | 13.369382407930162 | 3.608493221282959 | 0.3537142857142857 | 0.02242723164332953 | 0.9924768518518519
202 | 8.771847309889617 | 4.5618363358633855 | 0.33371428571428574 | 0.01997025243299841 | 0.9933449074074074
203 | 9.505147792674878 | 2.7707014062064035 | 0.4888571428571429 | 0.016039663770546515 | 0.9952256944444444
204 | 11.983380211724175 | 4.203954756872995 | 0.35642857142857143 | 0.019625927539352602 | 0.9931278935185185
205 | 11.412809689839682 | 2.784089225496565 | 0.49542857142857144 | 0.020295644051253073 | 0.9939959490740741
206 | 9.790195005911368 | 2.604726264136178 | 0.4957142857142857 | 0.01828548488103681 | 0.9934895833333334
207 | 9.754796001646254 | 3.888815852846418 | 0.37685714285714284 | 0.01357565766967902 | 0.9954427083333334
208 | 11.972748473838523 | 7.784195538112096 | 0.162 | 0.0189051354773929 | 0.9932002314814815
209 | 11.975440979003906 | 3.3568535733904157 | 0.5212857142857142 | 0.04133901188497138 | 0.9893663194444444
210 | 8.708455942295215 | 4.398597703661237 | 0.33614285714285713 | 0.023785007651895285 | 0.9918981481481481
211 | 10.226509747681794 | 3.132442718778338 | 0.39171428571428574 | 0.018602531314913736 | 0.9934172453703703
212 | 10.955820198412296 | 3.663406284877232 | 0.4662857142857143 | 0.02967277080838189 | 0.9900896990740741
213 | 9.818873149377328 | 3.93293807220459 | 0.37357142857142855 | 0.024283182427838997 | 0.9921875
214 | 12.209517549585414 | 5.105287284851074 | 0.252 | 0.020098372243982913 | 0.9929832175925926
215 | 11.070390789597123 | 3.2644241798945837 | 0.35728571428571426 | 0.01785324410000747 | 0.9938512731481481
216 | 11.155059425919145 | 2.7236719897133965 | 0.39814285714285713 | 0.012498402788036468 | 0.9963107638888888
217 | 10.549129733332881 | 2.7891991220201766 | 0.43742857142857144 | 0.013383665265455083 | 0.9951533564814815
218 | 10.949763898496274 | 3.0130198642185757 | 0.4815714285714286 | 0.015092053465734891 | 0.9949363425925926
219 | 10.887123761353669 | 2.1293120336532594 | 0.5488571428571428 | 0.020167556962136318 | 0.9929832175925926
220 | 10.908297344490334 | 3.7013142621176582 | 0.3395714285714286 | 0.010723857586358295 | 0.9961660879629629
221 | 13.953514434673169 | 2.328113510949271 | 0.5697142857142857 | 0.02548364504602634 | 0.9913194444444444
222 | 10.562049821571067 | 2.9216509453909736 | 0.4827142857142857 | 0.02755654552365067 | 0.9903790509259259
223 | 9.969528639758074 | 2.6503493663242885 | 0.48842857142857143 | 0.013646584014942939 | 0.9952980324074074
224 | 11.30389372507731 | 3.0916996111188615 | 0.343 | 0.018150183130745536 | 0.9942853009259259
225 | 10.763976785871717 | 2.7426307315826417 | 0.48728571428571427 | 0.016976716923872353 | 0.9945746527777778
226 | 11.451522173704925 | 3.169614767619542 | 0.44085714285714284 | 0.015436784211218494 | 0.9952980324074074
227 | 11.58333354526096 | 3.3989258777073452 | 0.44114285714285717 | 0.020025730020953 | 0.9929832175925926
228 | 9.515371093043575 | 3.7612354946136475 | 0.32542857142857146 | 0.015277451473391719 | 0.9952980324074074
229 | 13.69962708155314 | 4.497583839961461 | 0.22371428571428573 | 0.01834031484031584 | 0.9945023148148148
230 | 10.584925404301396 | 4.84700375529698 | 0.2847142857142857 | 0.017363890069881798 | 0.9940682870370371
231 | 11.45513947804769 | 3.4232236815861294 | 0.39 | 0.019254038056479423 | 0.9942129629629629
232 | 12.510749287075466 | 3.4444744134630474 | 0.357 | 0.02089321358599355 | 0.9927662037037037
233 | 11.058449409626148 | 4.350380918775286 | 0.317 | 0.00906542544166937 | 0.9975405092592593
234 | 14.109241856469048 | 3.232408500943865 | 0.43785714285714283 | 0.01830574324251049 | 0.9945746527777778
235 | 10.377379991390088 | 3.998641320637294 | 0.3504285714285714 | 0.03540087170053825 | 0.9886429398148148
236 | 10.652006679111057 | 3.6903056542532786 | 0.3605714285714286 | 0.014496080598931897 | 0.9945023148148148
237 | 11.161398675706652 | 3.4564402634756908 | 0.4544285714285714 | 0.020646054234088364 | 0.9929108796296297
238 | 9.831409639782375 | 3.6297858347211567 | 0.4635714285714286 | 0.01997357339563745 | 0.9924045138888888
239 | 11.975774464783845 | 3.717346469606672 | 0.4387142857142857 | 0.02682668512635347 | 0.990234375
240 | 11.765301174587673 | 5.900924169267927 | 0.23442857142857143 | 0.020831329015857557 | 0.9929108796296297
241 | 11.71352156886348 | 3.9065023809160504 | 0.4165714285714286 | 0.02195222433052819 | 0.9929108796296297
242 | 10.56852314207289 | 3.6408172918047224 | 0.4642857142857143 | 0.025506662584289356 | 0.9920428240740741
243 | 14.060933731220386 | 3.7582674358912875 | 0.32342857142857145 | 0.09273239663107907 | 0.9776475694444444
244 | 8.655328000033343 | 3.2198366870880126 | 0.3932857142857143 | 0.01324612025658738 | 0.9954427083333334
245 | 11.120095597373115 | 7.363340409415109 | 0.21785714285714286 | 0.01592324795772718 | 0.9937789351851852
246 | 10.025659472854048 | 3.0376417143685477 | 0.42128571428571426 | 0.02069553507856283 | 0.9920428240740741
247 | 9.82365518146091 | 2.9074775273459297 | 0.386 | 0.008265322296345537 | 0.9972511574074074
248 | 10.233160495758057 | 3.125140597479684 | 0.3702857142857143 | 0.004468145364188348 | 0.9986979166666666
249 | 11.210706251638907 | 3.143855367115566 | 0.2797142857142857 | 0.006172357862750586 | 0.9981192129629629
250 | 9.739551773777714 | 9.523972280229842 | 0.1337142857142857 | 0.005960685369818411 | 0.9979745370370371
251 | 10.943795628017849 | 5.467782642909459 | 0.19285714285714287 | 0.007457832807260813 | 0.9979021990740741
252 | 10.424951473871866 | 4.7633062384469165 | 0.1972857142857143 | 0.008429060424397769 | 0.9969618055555556
253 | 9.582929152029532 | 4.422798048291887 | 0.10557142857142857 | 0.004779143761239808 | 0.9984809027777778
254 | 10.527678083490443 | 5.765489167894636 | 0.23314285714285715 | 0.006852607135779517 | 0.9978298611111112
255 | 9.41629163424174 | 3.1206538900647844 | 0.3747142857142857 | 0.008133600505836378 | 0.9973234953703703
256 | 10.617350260416666 | 2.942586302621024 | 0.36942857142857144 | 0.0032642779418623562 | 0.9991319444444444
257 | 11.871929309986255 | 3.205535945074899 | 0.4035714285714286 | 0.0076189318645413515 | 0.9975405092592593
258 | 10.98092488889341 | 3.6861762213025773 | 0.3484285714285714 | 0.007669940328385026 | 0.9975405092592593
259 | 12.162973474573207 | 4.346780809129988 | 0.2915714285714286 | 0.009332460930131169 | 0.9966724537037037
260 | 11.877675339027688 | 4.226100748879569 | 0.24442857142857144 | 0.005455456227301275 | 0.9981192129629629
261 | 11.983939577032018 | 4.611907221112933 | 0.21428571428571427 | 0.019786593541135114 | 0.9942853009259259
262 | 11.193655561517787 | 4.523841461726597 | 0.174 | 0.017525898258167284 | 0.9943576388888888
263 | 8.655057801140678 | 4.113175022125244 | 0.17985714285714285 | 0.004175073590616834 | 0.9987702546296297
264 | 10.787954206819888 | 6.709080198560442 | 0.13914285714285715 | 0.005378439716608867 | 0.9984809027777778
265 | 14.865884551295528 | 3.8445320271083285 | 0.3191428571428571 | 0.01516755166314262 | 0.9955873842592593
266 | 10.795364132633916 | 4.6565556106567385 | 0.3177142857142857 | 0.01230803723619492 | 0.9963107638888888
267 | 10.924820211198595 | 3.242339156014579 | 0.3365714285714286 | 0.0074597775852048975 | 0.9978298611111112
268 | 10.110313592133698 | 4.76660686983381 | 0.22271428571428573 | 0.004224866400262626 | 0.9986979166666666
269 | 11.62735405674687 | 4.581207164219448 | 0.29428571428571426 | 0.005892439749880362 | 0.998046875
270 | 12.08010071295279 | 4.004396430969238 | 0.3342857142857143 | 0.013316472035108341 | 0.9954427083333334
271 | 12.649769994947645 | 3.783182129723685 | 0.3282857142857143 | 0.011461818010300502 | 0.9960214120370371
272 | 12.008239057328966 | 4.025054880687168 | 0.3008571428571429 | 0.005620631542653966 | 0.9979745370370371
273 | 13.603444081765634 | 3.7703002725328716 | 0.34485714285714286 | 0.011989717473355725 | 0.9961660879629629
274 | 10.324295361836752 | 2.8626571731567383 | 0.37314285714285716 | 0.010661266312968952 | 0.9965277777777778
275 | 10.30740859773424 | 4.500853378295899 | 0.21185714285714285 | 0.003235317008349941 | 0.9991319444444444
276 | 12.05032440468117 | 3.9976675213405066 | 0.21528571428571427 | 0.005355922891154747 | 0.9982638888888888
277 | 11.737722255565503 | 5.7916315727233885 | 0.20942857142857144 | 0.00910724061948174 | 0.9968171296296297
278 | 13.117987244217485 | 4.093635956083025 | 0.202 | 0.015289931983311867 | 0.9950086805555556
279 | 12.889044691015172 | 3.718109016418457 | 0.30528571428571427 | 0.012566223446036154 | 0.9958767361111112
280 | 11.306281372352883 | 4.1740915461948935 | 0.21885714285714286 | 0.006949003379338171 | 0.9981915509259259
281 | 12.659355022289136 | 3.654731216430664 | 0.362 | 0.006172578045085107 | 0.9979021990740741
282 | 10.902380272194192 | 5.127107945033482 | 0.2102857142857143 | 0.006116563540571305 | 0.9981192129629629
283 | 11.840186613577384 | 6.327157515934536 | 0.11971428571428572 | 0.003797702372442776 | 0.9989872685185185
284 | 12.170579415780526 | 6.842333350590297 | 0.14285714285714285 | 0.008471541927065118 | 0.9979745370370371
285 | 12.950787826820656 | 4.685502510070801 | 0.24085714285714285 | 0.011082735590645354 | 0.9964554398148148
286 | 10.18605551896272 | 3.434029725755964 | 0.2602857142857143 | 0.007073932661754683 | 0.9977575231481481
287 | 11.052336816434506 | 4.251492815835135 | 0.31185714285714283 | 0.006478749997633578 | 0.9981915509259259
288 | 12.395280131587276 | 7.569841019221714 | 0.215 | 0.012965280135244096 | 0.9952980324074074
289 | 13.634894053141275 | 5.814271028791155 | 0.19228571428571428 | 0.04312222846724749 | 0.9874131944444444
290 | 10.953298621707493 | 5.114864633832659 | 0.2287142857142857 | 0.01297761181140905 | 0.9960214120370371
291 | 11.856161382463243 | 5.335355558667864 | 0.19357142857142856 | 0.006913983729814559 | 0.9981192129629629
292 | 15.957206337540239 | 4.977170215606689 | 0.228 | 0.012401065623432968 | 0.9958043981481481
293 | 12.302536999737775 | 5.308943453107561 | 0.2965714285714286 | 0.019465618143806717 | 0.9932002314814815
294 | 12.34906095928616 | 5.223902616773333 | 0.23942857142857144 | 0.016769058702737785 | 0.9939236111111112
295 | 13.075057965737802 | 5.773093636648995 | 0.243 | 0.0127642035497249 | 0.9946469907407407
296 | 11.024795161353218 | 5.338960285186768 | 0.191 | 0.010316720454418962 | 0.9964554398148148
297 | 11.682497360088208 | 5.4536534064156665 | 0.2422857142857143 | 0.01197056381217273 | 0.99609375
298 | 11.86143234041002 | 5.793429676055908 | 0.15928571428571428 | 0.009728137896335856 | 0.9964554398148148
299 | 12.410967879825169 | 5.2711425966535295 | 0.27514285714285713 | 0.009428666522446158 | 0.9970341435185185
