epoch | target_train_loss | target_val_loss | target_val_acc | discrim_loss | discrim_acc
0 | 4.4679302373461685 | 2.641814193725586 | 0.1758 | 0.3842301649002793 | 0.8432507987220448
1 | 1.4104305733921625 | 2.411305302429199 | 0.1057 | 0.6710265213593888 | 0.6999550718849841
2 | 2.242102710007349 | 2.586571276855469 | 0.2267 | 0.5413145868542095 | 0.7898861821086262
3 | 2.145078033463296 | 2.5625010223388673 | 0.1457 | 0.3581304792255258 | 0.865714856230032
4 | 2.4983841178256903 | 3.461260146331787 | 0.2054 | 0.3099747820022388 | 0.8903254792332268
5 | 2.3800224004076793 | 3.4053541213989256 | 0.1701 | 0.3378041571083541 | 0.8723292731629393
6 | 2.8065183961022497 | 2.270019727897644 | 0.3505 | 0.3316611197238532 | 0.8814896166134185
7 | 2.5210964326034104 | 3.857288541793823 | 0.1923 | 0.32861319774636827 | 0.8718799920127795
8 | 2.7406194820729746 | 3.0190191539764406 | 0.2641 | 0.30822684575384035 | 0.8831120207667732
9 | 2.542876815210666 | 2.6250628120422363 | 0.4025 | 0.3352355428825552 | 0.8670626996805112
10 | 2.226145613791467 | 2.2110521915435792 | 0.439 | 0.33957582921646656 | 0.8572783546325878
11 | 2.1995121388196184 | 3.3869534812927244 | 0.2853 | 0.3390201383981461 | 0.8576777156549521
12 | 2.1313408087768067 | 4.025518671417236 | 0.1332 | 0.3434921650174327 | 0.8524361022364217
13 | 2.2239213778598588 | 2.4435825782775877 | 0.2751 | 0.3227066242942414 | 0.8665884584664537
14 | 2.2401190963727813 | 3.100322221374512 | 0.1916 | 0.35591036024185035 | 0.8495906549520766
15 | 2.582429535360957 | 2.98189866027832 | 0.2206 | 0.3086817888096689 | 0.8788688099041534
16 | 2.638522895830291 | 2.429674263763428 | 0.3302 | 0.26463207321616405 | 0.8958666134185304
17 | 3.2025431114683283 | 2.7445142772674562 | 0.3084 | 0.2432905362603573 | 0.907298322683706
18 | 3.377669174617739 | 2.6730326011657715 | 0.4043 | 0.19602114010971194 | 0.9271166134185304
19 | 3.387961923121897 | 2.937746053314209 | 0.2304 | 0.20019083681959696 | 0.9247703674121406
20 | 3.0124573772465024 | 3.001797407913208 | 0.1665 | 0.2051822198703647 | 0.924620607028754
21 | 3.7800971387926263 | 3.052872774887085 | 0.2825 | 0.16785395532227554 | 0.9396465654952076
22 | 3.2156974452536797 | 2.219342748260498 | 0.334 | 0.18427110218201964 | 0.930735822683706
23 | 4.2362616111781835 | 2.8552389068603516 | 0.3058 | 0.17641378153032197 | 0.9359774361022364
24 | 4.138362479438904 | 2.332965616607666 | 0.3386 | 0.13981755028446072 | 0.950479233226837
25 | 4.325302976427109 | 1.951484442138672 | 0.4544 | 0.13172816221539776 | 0.9561701277955271
26 | 4.16680736984489 | 3.795203281402588 | 0.2568 | 0.1531849942815761 | 0.9437150559105432
27 | 3.8542737902292195 | 2.1674538843154907 | 0.3577 | 0.1644009601312895 | 0.9394219249201278
28 | 4.185716826735082 | 3.6927711807250976 | 0.2017 | 0.14043804869865076 | 0.9504542731629393
29 | 4.978485777258491 | 2.694268661880493 | 0.2139 | 0.1844263086958339 | 0.9517272364217252
30 | 4.361181158902424 | 3.3275862854003906 | 0.2246 | 0.11776151655973813 | 0.9595397364217252
31 | 4.892907609807262 | 9.812172940063476 | 0.1459 | 0.11504915212920774 | 0.9596146166134185
32 | 4.568446933650665 | 1.9417491744995117 | 0.5353 | 0.14384165990609712 | 0.948157947284345
33 | 4.260146036473766 | 2.7812715892791746 | 0.3517 | 0.11922305082670226 | 0.9563198881789138
34 | 4.513492149375419 | 1.958193318939209 | 0.3828 | 0.15803500955192426 | 0.941194089456869
35 | 4.428935318135656 | 1.6564878387451172 | 0.4712 | 0.134189021342193 | 0.9519768370607029
36 | 4.541657990808803 | 2.798141105270386 | 0.2002 | 0.11206172190654201 | 0.9607627795527156
37 | 5.0266773604023545 | 2.428200701904297 | 0.1575 | 0.0980025245436131 | 0.9661291932907349
38 | 6.347546669309651 | 4.093039805603027 | 0.3188 | 0.04932695093264167 | 0.9828773961661342
39 | 5.937714083599307 | 2.7748669174194336 | 0.2399 | 0.06566712537113899 | 0.9796825079872205
40 | 5.3367094306579395 | 2.353585242462158 | 0.381 | 0.09901884117702278 | 0.9660792731629393
41 | 4.698988771743937 | 2.7497560108184813 | 0.4087 | 0.11689478824861324 | 0.9576926916932907
42 | 5.146998295789086 | 2.5160546867370606 | 0.4067 | 0.11678789245089688 | 0.9589656549520766
43 | 4.693835673489972 | 1.718829388809204 | 0.5015 | 0.12768893153332292 | 0.9522014776357828
44 | 5.229559999138212 | 3.7252448455810545 | 0.3556 | 0.09617005097278106 | 0.9656050319488818
45 | 6.100212667133409 | 2.3162695629119874 | 0.4419 | 0.059317340647367336 | 0.979832268370607
46 | 6.072727553236319 | 2.767007145309448 | 0.281 | 0.06853609696512643 | 0.9765125798722045
47 | 6.351471121817541 | 2.189065486526489 | 0.1833 | 0.06290861666381073 | 0.9774610623003195
48 | 6.9493543091553125 | 3.22908915977478 | 0.1116 | 0.06634894780778942 | 0.9791583466453674
49 | 6.311325878827269 | 3.00813274269104 | 0.3129 | 0.05690661038066775 | 0.981304912140575
50 | 5.996246537887426 | 1.3647001549243927 | 0.6494 | 0.11054993369363653 | 0.9601387779552716
51 | 5.971560009261205 | 2.3348806869506835 | 0.3333 | 0.0635365455786284 | 0.9781349840255591
52 | 6.674081148434602 | 5.364510988616943 | 0.0583 | 0.052652205652988754 | 0.9824031549520766
53 | 6.330986310476427 | 2.7006879619598387 | 0.1416 | 0.056174739914092296 | 0.9799820287539937
54 | 7.181717570588836 | 3.3161350914001466 | 0.281 | 0.0564500038726285 | 0.9807308306709265
55 | 7.263241245754246 | 4.02533597946167 | 0.1986 | 0.050185043638506635 | 0.9836012380191693
56 | 7.1309377913032295 | 3.341996181488037 | 0.2145 | 0.05348536874890661 | 0.9812799520766773
57 | 8.020058107223429 | 2.215796981048584 | 0.3329 | 0.033003844722462726 | 0.9888678115015974
58 | 7.3585253476842105 | 2.279680213165283 | 0.3011 | 0.053937646359526595 | 0.9807058706070287
59 | 7.3905126572673066 | 4.097318521881103 | 0.1797 | 0.05468301910880251 | 0.9822533945686901
60 | 7.1944057048321275 | 2.3761264785766603 | 0.2698 | 0.03355759445774241 | 0.9898911741214057
61 | 7.562968503958134 | 4.615081833648682 | 0.1184 | 0.05157477970862874 | 0.9830521166134185
62 | 8.066690390494234 | 2.3874106945037843 | 0.2036 | 0.031768059012846066 | 0.989541733226837
63 | 7.763023309290346 | 3.028784451675415 | 0.2222 | 0.027333554728462484 | 0.990390375399361
64 | 7.952689476684928 | 1.6177683018684388 | 0.4881 | 0.039171099884453386 | 0.9859225239616614
65 | 8.034180056450843 | 2.8816177436828614 | 0.2246 | 0.03141034250787367 | 0.9895666932907349
66 | 8.267711280631408 | 2.925714539337158 | 0.1667 | 0.04256588680009111 | 0.9850489217252396
67 | 8.68719233749007 | 3.4973516231536865 | 0.1994 | 0.026988648034382265 | 0.9922623801916933
68 | 8.191978795042415 | 2.3859675193786622 | 0.4112 | 0.0312564327878455 | 0.9899910143769968
69 | 8.40412122310162 | 3.9212572555541994 | 0.1186 | 0.03855735429089528 | 0.9888927715654952
70 | 9.014470126356615 | 2.564613791656494 | 0.1934 | 0.021397557064962273 | 0.9932607827476039
71 | 8.748457988527312 | 2.2656311485290526 | 0.2421 | 0.017020803124914632 | 0.9945337460063898
72 | 8.559383712430646 | 3.1131543132781982 | 0.2328 | 0.02392295482285773 | 0.9922124600638977
73 | 8.69119582283077 | 1.5774758907318116 | 0.5019 | 0.02464620040926023 | 0.991763178913738
74 | 8.481266409508574 | 1.8794279182434082 | 0.479 | 0.025615216772884322 | 0.991139177316294
75 | 8.638076071296457 | 1.3673567758560181 | 0.5566 | 0.031029771675709812 | 0.989342052715655
76 | 8.284647569585127 | 2.2659103637695313 | 0.434 | 0.029228098373622082 | 0.9894668530351438
77 | 8.106208456236882 | 3.9343269287109375 | 0.1692 | 0.0445226679374568 | 0.9849740415335463
78 | 8.94526596028624 | 4.6033605888366695 | 0.1164 | 0.02529717075189177 | 0.9920876597444089
79 | 9.679610294109983 | 3.3693093379974366 | 0.1385 | 0.021416617021821557 | 0.9931609424920128
80 | 11.711166443921458 | 3.454028299713135 | 0.1135 | 0.004144533372189576 | 0.9987270367412141
81 | 13.13395216625299 | 5.664646739959717 | 0.1135 | 6.64084709395235e-05 | 0.9999750399361023
82 | 14.808148086897972 | 6.749065706634521 | 0.1135 | 2.4366493042284687e-06 | 1.0
83 | 15.343882268622693 | 7.130994518280029 | 0.1135 | 1.8921856301280257e-06 | 1.0
84 | 15.21591168406679 | 7.478858992004395 | 0.1135 | 1.6499227418686254e-06 | 1.0
85 | 15.190603987002703 | 7.5861450370788575 | 0.1135 | 1.4085643969404812e-06 | 1.0
86 | 15.375224055450015 | 7.3769552040100095 | 0.1135 | 1.2275188590010135e-06 | 1.0
87 | 16.139697802613867 | 7.714980912780762 | 0.1135 | 9.92962441886195e-07 | 1.0
88 | 16.52724916627084 | 7.954052565002441 | 0.1135 | 8.343043513953114e-07 | 1.0
89 | 16.919660847113253 | 8.228157098388673 | 0.1135 | 7.073052774983854e-07 | 1.0
90 | 17.218996190464992 | 8.462890942382813 | 0.1135 | 6.00396587064091e-07 | 1.0
91 | 17.485646134888476 | 8.652984756469726 | 0.1135 | 5.092281407822435e-07 | 1.0
92 | 17.73174340646066 | 8.802528912353516 | 0.1135 | 4.3190753878876806e-07 | 1.0
93 | 17.910778682794234 | 8.98065694732666 | 0.1135 | 3.653938492266134e-07 | 1.0
94 | 18.160083915278904 | 9.133250491333008 | 0.1135 | 3.08913449509837e-07 | 1.0
95 | 18.39164839533884 | 9.279676306152345 | 0.1135 | 2.613297095314002e-07 | 1.0
96 | 18.59803783982642 | 9.401668365478516 | 0.1135 | 2.209406596022292e-07 | 1.0
97 | 18.789686850320823 | 9.514814454650878 | 0.1135 | 1.8699648090825676e-07 | 1.0
98 | 18.93466097160999 | 9.610395263671874 | 0.1135 | 1.5772974338775246e-07 | 1.0
99 | 19.16131943750534 | 9.698468873596191 | 0.1135 | 1.3351535644775002e-07 | 1.0
100 | 19.358830182249545 | 9.769034414672852 | 0.1135 | 1.1284178057417701e-07 | 1.0
101 | 19.541242623914396 | 9.83637953338623 | 0.1135 | 9.536981201781251e-08 | 1.0
102 | 19.617591784628885 | 9.883059410095214 | 0.1135 | 8.043294516615212e-08 | 1.0
103 | 19.87285351015333 | 9.926882575988769 | 0.1135 | 6.803118001919584e-08 | 1.0
104 | 20.097371118681917 | 9.956949629211426 | 0.1135 | 5.7438501534751426e-08 | 1.0
105 | 20.234212557814036 | 9.97301216430664 | 0.1135 | 4.8631105940943706e-08 | 1.0
106 | 20.40898263009152 | 9.982204606628418 | 0.1135 | 4.1037702712768945e-08 | 1.0
107 | 20.482721174030445 | 9.964718270874023 | 0.1135 | 3.457497864866409e-08 | 1.0
108 | 20.71842263220723 | 9.941591842651366 | 0.1135 | 2.91596205470661e-08 | 1.0
109 | 20.910617368325607 | 9.921747171020508 | 0.1135 | 2.4565492575160994e-08 | 1.0
110 | 20.977605551004157 | 9.869556817626954 | 0.1135 | 2.0614066443885098e-08 | 1.0
111 | 21.196675360648076 | 9.807276100158692 | 0.1135 | 1.7531477986052395e-08 | 1.0
112 | 21.342184154302867 | 9.739308865356445 | 0.1135 | 1.4651221589158519e-08 | 1.0
113 | 21.419392053447385 | 9.639477319335937 | 0.1135 | 1.2473176462581744e-08 | 1.0
114 | 21.59525960842853 | 9.576062770080567 | 0.1135 | 1.041415019538075e-08 | 1.0
115 | 21.710140737169198 | 9.478273249816894 | 0.1135 | 8.74788616411983e-09 | 1.0
116 | 21.772814873824633 | 9.341215644836426 | 0.1135 | 7.367267395360782e-09 | 1.0
117 | 21.927931727569156 | 9.166993424987792 | 0.1135 | 6.30799954691634e-09 | 1.0
118 | 21.967603117577422 | 9.028143193054198 | 0.1135 | 5.284437356284632e-09 | 1.0
119 | 22.231884061717682 | 8.933971279907226 | 0.1135 | 4.427501568779016e-09 | 1.0
120 | 22.327549652457872 | 8.831000048828125 | 0.1135 | 3.68958464064918e-09 | 1.0
121 | 22.523626577892323 | 8.715708827209472 | 0.1135 | 3.082588457832702e-09 | 1.0
122 | 22.64123853726219 | 8.585902340698242 | 0.1135 | 2.55890547657927e-09 | 1.0
123 | 22.83841141463598 | 8.438725915527344 | 0.1135 | 2.178045126576774e-09 | 1.0
124 | 22.89831873345146 | 8.283211796569825 | 0.1135 | 1.84479232032459e-09 | 1.0
125 | 23.066916497310935 | 8.105343063354493 | 0.1135 | 1.559147057822718e-09 | 1.0
126 | 23.146039824348378 | 7.913885705566407 | 0.1135 | 1.1901885937578e-09 | 1.0
127 | 23.22184155157816 | 7.698552645874024 | 0.1135 | 1.035464076569286e-09 | 1.0
128 | 23.29901273069921 | 7.464700397491455 | 0.1135 | 8.21230129692882e-10 | 1.0
129 | 23.432046120805445 | 7.207315525817871 | 0.1135 | 7.1411315625468e-10 | 1.0
130 | 23.5094503750796 | 6.937179138183594 | 0.1135 | 6.30799954691634e-10 | 1.0
131 | 23.561874165733443 | 6.6963342178344725 | 0.1135 | 4.7607543750312e-10 | 1.0
132 | 23.6991298516761 | 6.444793672943115 | 0.1135 | 4.52271665627964e-10 | 1.0
133 | 23.727724655460776 | 6.1857476196289065 | 0.1135 | 3.5705657812734e-10 | 1.0
134 | 23.87741643769255 | 5.935102222442627 | 0.1135 | 2.73743376564294e-10 | 1.0
135 | 23.94372501393647 | 5.53138045501709 | 0.1135 | 2.14233946876404e-10 | 1.0
136 | 23.788697876823367 | 5.167983182525635 | 0.1135 | 1.7852828906367e-10 | 1.0
137 | 23.86496101346825 | 4.887499946594239 | 0.1135 | 1.30920745313358e-10 | 1.0
138 | 23.877179606874318 | 4.57673045501709 | 0.1135 | 1.07116973438202e-10 | 1.0
139 | 23.897139857647385 | 4.316477576446533 | 0.1135 | 1.07116973438202e-10 | 1.0
140 | 23.732696107764635 | 4.187531670379639 | 0.1135 | 5.950942968789e-11 | 1.0
141 | 22.401286899725427 | 4.2531060546875 | 0.1135 | 7.1411315625468e-11 | 1.0
142 | 23.124496948502742 | 4.1435145690917965 | 0.1135 | 3.5705657812734e-11 | 1.0
143 | 23.46253101548365 | 3.981231936645508 | 0.1135 | 1.1901885937578e-11 | 1.0
144 | 23.661198327991727 | 3.852361281967163 | 0.1135 | 5.950942968789e-12 | 1.0
145 | 23.77690486846891 | 3.6650612018585207 | 0.1135 | 5.950942968789e-12 | 1.0
146 | 22.59304927023905 | 2.6509051567077635 | 0.1135 | 5.950942968789e-12 | 1.0
147 | 19.36447643699361 | 4.452523398590088 | 0.1135 | 2.9308394121285825e-09 | 1.0
148 | 22.62558809644766 | 7.82538461303711 | 0.1135 | 0.0 | 1.0
149 | 24.217008114369982 | 10.285813957214355 | 0.1135 | 0.0 | 1.0
150 | 25.128360815465513 | 12.31278921661377 | 0.1135 | 0.0 | 1.0
151 | 25.76976513124708 | 14.003604315185546 | 0.1135 | 0.0 | 1.0
152 | 26.295854267213997 | 15.462586769104004 | 0.1135 | 0.0 | 1.0
153 | 26.739408775989123 | 16.791266516113282 | 0.1135 | 0.0 | 1.0
154 | 27.128186147520864 | 18.026405667114258 | 0.1135 | 0.0 | 1.0
155 | 27.46424815036444 | 19.176081854248046 | 0.1135 | 0.0 | 1.0
156 | 27.75841404152527 | 20.343876345825194 | 0.1135 | 0.0 | 1.0
157 | 27.944640229834818 | 21.534898010253904 | 0.1135 | 0.0 | 1.0
158 | 28.262502098287055 | 22.475013220214844 | 0.1135 | 0.0 | 1.0
159 | 28.51172283543085 | 23.347088650512696 | 0.1135 | 0.0 | 1.0
160 | 28.728102224995258 | 24.154982415771485 | 0.1135 | 0.0 | 1.0
161 | 28.916725889468523 | 24.935902798461914 | 0.1135 | 0.0 | 1.0
162 | 29.07735345203314 | 25.688404937744142 | 0.1135 | 0.0 | 1.0
163 | 29.225416840967526 | 26.414434609985353 | 0.1135 | 0.0 | 1.0
164 | 29.36051268562309 | 27.111461196899413 | 0.1135 | 0.0 | 1.0
165 | 29.48320934739413 | 27.79157737426758 | 0.1135 | 0.0 | 1.0
166 | 29.596260416851226 | 28.448931076049806 | 0.1135 | 0.0 | 1.0
167 | 29.699719816796172 | 29.093878622436524 | 0.1135 | 0.0 | 1.0
168 | 29.794553144001018 | 29.719487921142576 | 0.1135 | 0.0 | 1.0
169 | 29.883519230682797 | 30.3320249206543 | 0.1135 | 0.0 | 1.0
170 | 29.96810605101041 | 30.925985037231445 | 0.1135 | 0.0 | 1.0
171 | 30.04745805836029 | 31.507478912353516 | 0.1135 | 0.0 | 1.0
172 | 30.118726486075776 | 32.08010258178711 | 0.1135 | 0.0 | 1.0
173 | 30.183685520542596 | 32.641975610351565 | 0.1135 | 0.0 | 1.0
174 | 30.243393170286524 | 33.192822375488284 | 0.1135 | 0.0 | 1.0
175 | 30.302002006050362 | 33.732897552490236 | 0.1135 | 0.0 | 1.0
176 | 30.357413883270297 | 34.26098098754883 | 0.1135 | 0.0 | 1.0
177 | 30.409928634301576 | 34.77768590698242 | 0.1135 | 0.0 | 1.0
178 | 30.456678905507417 | 35.28941552734375 | 0.1135 | 0.0 | 1.0
179 | 30.503396595046002 | 35.79163502807617 | 0.1135 | 0.0 | 1.0
180 | 30.54960081086215 | 36.28303829345703 | 0.1135 | 0.0 | 1.0
181 | 30.593662722006425 | 36.76914647827149 | 0.1135 | 0.0 | 1.0
182 | 30.635481302104612 | 37.24633646240235 | 0.1135 | 0.0 | 1.0
183 | 30.67354202474067 | 37.7156654296875 | 0.1135 | 0.0 | 1.0
184 | 30.71066166929654 | 38.1883115234375 | 0.1135 | 0.0 | 1.0
185 | 30.747122008365398 | 38.65056537475586 | 0.1135 | 0.0 | 1.0
186 | 30.781145386914687 | 39.10309583740234 | 0.1135 | 0.0 | 1.0
187 | 30.815280173351567 | 39.553771649169924 | 0.1135 | 0.0 | 1.0
188 | 30.847469570033706 | 40.002092010498046 | 0.1135 | 0.0 | 1.0
189 | 30.878378441646742 | 40.44292954711914 | 0.1135 | 0.0 | 1.0
190 | 30.910937815109463 | 40.8744525390625 | 0.1135 | 0.0 | 1.0
191 | 30.94422144365667 | 41.30090665283203 | 0.1135 | 0.0 | 1.0
192 | 30.974836758641068 | 41.718400701904294 | 0.1135 | 0.0 | 1.0
193 | 31.00394295984551 | 42.13375433959961 | 0.1135 | 0.0 | 1.0
194 | 31.031456286777427 | 42.54783897094727 | 0.1135 | 0.0 | 1.0
195 | 31.059383827950427 | 42.95466079101563 | 0.1135 | 0.0 | 1.0
196 | 31.08756637166124 | 43.35518991088867 | 0.1135 | 0.0 | 1.0
197 | 31.11647365492716 | 43.752176391601566 | 0.1135 | 0.0 | 1.0
198 | 31.144481801426906 | 44.146506378173825 | 0.1135 | 0.0 | 1.0
199 | 31.17191491386552 | 44.53809598999023 | 0.1135 | 0.0 | 1.0
200 | 31.200448922693667 | 44.92205236816406 | 0.1135 | 0.0 | 1.0
201 | 31.228734963986 | 45.30168944091797 | 0.1135 | 0.0 | 1.0
202 | 31.252932484401835 | 45.68051840209961 | 0.1135 | 0.0 | 1.0
203 | 31.276114411898586 | 46.05564546508789 | 0.1135 | 0.0 | 1.0
204 | 31.298384325481404 | 46.428077557373044 | 0.1135 | 0.0 | 1.0
205 | 31.320434134696058 | 46.79687159423828 | 0.1135 | 0.0 | 1.0
206 | 31.3428544092331 | 47.16103516845703 | 0.1135 | 0.0 | 1.0
207 | 31.365674864647865 | 47.52091947631836 | 0.1135 | 0.0 | 1.0
208 | 31.388754194294247 | 47.88113890991211 | 0.1135 | 0.0 | 1.0
209 | 31.40978105803564 | 48.24108663330078 | 0.1135 | 0.0 | 1.0
210 | 31.430711157930062 | 48.594686016845706 | 0.1135 | 0.0 | 1.0
211 | 31.45229201179431 | 48.94445317993164 | 0.1135 | 0.0 | 1.0
212 | 31.47391821862285 | 49.288845330810545 | 0.1135 | 0.0 | 1.0
213 | 31.494393836217856 | 49.63350415649414 | 0.1135 | 0.0 | 1.0
214 | 31.511920709111266 | 49.9791066040039 | 0.1135 | 0.0 | 1.0
215 | 31.530131442824192 | 50.320584564208986 | 0.1135 | 0.0 | 1.0
216 | 31.5479693580717 | 50.652804705810546 | 0.1135 | 0.0 | 1.0
217 | 31.565891827692216 | 50.98723686523437 | 0.1135 | 0.0 | 1.0
218 | 31.583588554357895 | 51.32049580078125 | 0.1135 | 0.0 | 1.0
219 | 31.601595651632692 | 51.65164072265625 | 0.1135 | 0.0 | 1.0
220 | 31.62117744942485 | 51.973781146240235 | 0.1135 | 0.0 | 1.0
221 | 31.64089183746305 | 52.30232886962891 | 0.1135 | 0.0 | 1.0
222 | 31.660060341101193 | 52.630432745361325 | 0.1135 | 0.0 | 1.0
223 | 31.678878491054604 | 52.94926809692383 | 0.1135 | 0.0 | 1.0
224 | 31.696573271695424 | 53.26995523071289 | 0.1135 | 0.0 | 1.0
225 | 31.71461685897192 | 53.58852904663086 | 0.1135 | 0.0 | 1.0
226 | 31.730753028405513 | 53.908419940185546 | 0.1135 | 0.0 | 1.0
227 | 31.746443032963935 | 54.22638128662109 | 0.1135 | 0.0 | 1.0
228 | 31.7620923745594 | 54.54952044067383 | 0.1135 | 0.0 | 1.0
229 | 31.777868008282802 | 54.86405568847656 | 0.1135 | 0.0 | 1.0
230 | 31.793483742273224 | 55.17727183227539 | 0.1135 | 0.0 | 1.0
231 | 31.81130075200263 | 55.48870112915039 | 0.1135 | 0.0 | 1.0
232 | 31.825924269799362 | 55.79903001708984 | 0.1135 | 0.0 | 1.0
233 | 31.839404107157932 | 56.10640881347656 | 0.1135 | 0.0 | 1.0
234 | 31.85320108550081 | 56.40971794433594 | 0.1135 | 0.0 | 1.0
235 | 31.867104435679497 | 56.7111578918457 | 0.1135 | 0.0 | 1.0
236 | 31.88079928842909 | 57.01206653442383 | 0.1135 | 0.0 | 1.0
237 | 31.89473654748027 | 57.309014453125 | 0.1135 | 0.0 | 1.0
238 | 31.908514081859284 | 57.60590993041992 | 0.1135 | 0.0 | 1.0
239 | 31.92268385016931 | 57.90225838623047 | 0.1135 | 0.0 | 1.0
240 | 31.936325325655453 | 58.193913220214846 | 0.1135 | 0.0 | 1.0
241 | 31.94988317092684 | 58.484338403320315 | 0.1135 | 0.0 | 1.0
242 | 31.964459190246515 | 58.77352950439453 | 0.1135 | 0.0 | 1.0
243 | 31.97647882093106 | 59.06539389648437 | 0.1135 | 0.0 | 1.0
244 | 31.990382203679204 | 59.35040600585938 | 0.1135 | 0.0 | 1.0
245 | 32.00498182771046 | 59.63590823364258 | 0.1135 | 0.0 | 1.0
246 | 32.01732858598805 | 59.91650202636719 | 0.1135 | 0.0 | 1.0
247 | 32.03085097940907 | 60.19965623779297 | 0.1135 | 0.0 | 1.0
248 | 32.044191419505765 | 60.47936525878906 | 0.1135 | 0.0 | 1.0
249 | 32.05752735687549 | 60.75771329345703 | 0.1135 | 0.0 | 1.0
250 | 32.07077823504567 | 61.040001641845706 | 0.1135 | 0.0 | 1.0
251 | 32.0848085450261 | 61.31302490234375 | 0.1135 | 0.0 | 1.0
252 | 32.09658596482577 | 61.59021661987305 | 0.1135 | 0.0 | 1.0
253 | 32.108754213998765 | 61.86124096679688 | 0.1135 | 0.0 | 1.0
254 | 32.121126661432974 | 62.13121974487305 | 0.1135 | 0.0 | 1.0
255 | 32.13340772712243 | 62.401398004150394 | 0.1135 | 0.0 | 1.0
256 | 32.145952312261855 | 62.67254165039063 | 0.1135 | 0.0 | 1.0
257 | 32.15768606456647 | 62.94301633300781 | 0.1135 | 0.0 | 1.0
258 | 32.169291387372745 | 63.20375950927735 | 0.1135 | 0.0 | 1.0
259 | 32.180731318421905 | 63.46878980712891 | 0.1135 | 0.0 | 1.0
260 | 32.19383705489282 | 63.73281187744141 | 0.1135 | 0.0 | 1.0
261 | 32.20533495142722 | 63.99792100830078 | 0.1135 | 0.0 | 1.0
262 | 32.216898145645125 | 64.25778638916016 | 0.1135 | 0.0 | 1.0
263 | 32.2269884880986 | 64.51867038574218 | 0.1135 | 0.0 | 1.0
264 | 32.23720195530064 | 64.77551329345704 | 0.1135 | 0.0 | 1.0
265 | 32.24653717496988 | 65.03342406005859 | 0.1135 | 0.0 | 1.0
266 | 32.256469807986136 | 65.28914515380859 | 0.1135 | 0.0 | 1.0
267 | 32.266596770719126 | 65.5448590209961 | 0.1135 | 0.0 | 1.0
268 | 32.276247620964256 | 65.80377600097657 | 0.1135 | 0.0 | 1.0
269 | 32.286062686394985 | 66.05639272460938 | 0.1135 | 0.0 | 1.0
270 | 32.29598512110105 | 66.31163809814453 | 0.1135 | 0.0 | 1.0
271 | 32.30533627537551 | 66.56252424316406 | 0.1135 | 0.0 | 1.0
272 | 32.31489670874597 | 66.81656240234375 | 0.1135 | 0.0 | 1.0
273 | 32.32528782603326 | 67.06671053466796 | 0.1135 | 0.0 | 1.0
274 | 32.33443699269819 | 67.31194797363281 | 0.1135 | 0.0 | 1.0
275 | 32.344415051960006 | 67.56033631591797 | 0.1135 | 0.0 | 1.0
276 | 32.35413006402894 | 67.80709501953125 | 0.1135 | 0.0 | 1.0
277 | 32.3625817558427 | 68.05030954589844 | 0.1135 | 0.0 | 1.0
278 | 32.37325981408835 | 68.29147004394531 | 0.1135 | 0.0 | 1.0
279 | 32.38339306679708 | 68.531105078125 | 0.1135 | 0.0 | 1.0
280 | 32.39302512446742 | 68.77357845458984 | 0.1135 | 0.0 | 1.0
281 | 32.402747676364896 | 69.01484174804688 | 0.1135 | 0.0 | 1.0
282 | 32.413044948842504 | 69.25635056152343 | 0.1135 | 0.0 | 1.0
283 | 32.422747926498296 | 69.49169096679688 | 0.1135 | 0.0 | 1.0
284 | 32.43191922410703 | 69.73140034179687 | 0.1135 | 0.0 | 1.0
285 | 32.44186170124066 | 69.970870703125 | 0.1135 | 0.0 | 1.0
286 | 32.45034682559865 | 70.20690321044921 | 0.1135 | 0.0 | 1.0
287 | 32.459591029929506 | 70.44330856933594 | 0.1135 | 0.0 | 1.0
288 | 32.46896974610417 | 70.68143041992188 | 0.1135 | 0.0 | 1.0
289 | 32.477050862673636 | 70.91814252929687 | 0.1135 | 0.0 | 1.0
290 | 32.48593530481882 | 71.15566148681641 | 0.1135 | 0.0 | 1.0
291 | 32.49549044972423 | 71.38777880859375 | 0.1135 | 0.0 | 1.0
292 | 32.504341850158625 | 71.62151910400391 | 0.1135 | 0.0 | 1.0
293 | 32.51332530344309 | 71.85325709228516 | 0.1135 | 0.0 | 1.0
294 | 32.521943897422375 | 72.0823791381836 | 0.1135 | 0.0 | 1.0
295 | 32.53081628886969 | 72.31320093994141 | 0.1135 | 0.0 | 1.0
296 | 32.539570371776406 | 72.54752998046875 | 0.1135 | 0.0 | 1.0
297 | 32.548318022216016 | 72.77704838867187 | 0.1135 | 0.0 | 1.0
298 | 32.5566889580693 | 73.00764989013672 | 0.1135 | 0.0 | 1.0
299 | 32.56587118272975 | 73.23520673828125 | 0.1135 | 0.0 | 1.0
300 | 32.57333615037395 | 73.46154041748046 | 0.1135 | 0.0 | 1.0
301 | 32.582169767886626 | 73.68490859375 | 0.1135 | 0.0 | 1.0
302 | 32.590330614478766 | 73.9115437866211 | 0.1135 | 0.0 | 1.0
303 | 32.59854469584299 | 74.13407641601563 | 0.1135 | 0.0 | 1.0
304 | 32.60558391558831 | 74.36051683349609 | 0.1135 | 0.0 | 1.0
305 | 32.613190316085245 | 74.58568376464844 | 0.1135 | 0.0 | 1.0
306 | 32.62125210268393 | 74.80630496826171 | 0.1135 | 0.0 | 1.0
307 | 32.62878352829843 | 75.03066148681641 | 0.1135 | 0.0 | 1.0
308 | 32.63685655135864 | 75.25478111572265 | 0.1135 | 0.0 | 1.0
309 | 32.64474692492246 | 75.47586145019531 | 0.1135 | 0.0 | 1.0
310 | 32.65291659783655 | 75.69667218017578 | 0.1135 | 0.0 | 1.0
311 | 32.66182519023167 | 75.91826164550781 | 0.1135 | 0.0 | 1.0
312 | 32.66995185518214 | 76.13301767578125 | 0.1135 | 0.0 | 1.0
313 | 32.67823535833695 | 76.35664049072265 | 0.1135 | 0.0 | 1.0
314 | 32.68710605617267 | 76.57166984863281 | 0.1135 | 0.0 | 1.0
315 | 32.69605057267522 | 76.79207103271484 | 0.1135 | 0.0 | 1.0
316 | 32.7041608063363 | 77.0063704711914 | 0.1135 | 0.0 | 1.0
317 | 32.71296701665367 | 77.22038420410156 | 0.1135 | 0.0 | 1.0
318 | 32.72130264721914 | 77.43165623779296 | 0.1135 | 0.0 | 1.0
319 | 32.729331066412506 | 77.64637611083984 | 0.1135 | 0.0 | 1.0
320 | 32.73730157711717 | 77.85679910888672 | 0.1135 | 0.0 | 1.0
321 | 32.74467554570771 | 78.06964282226562 | 0.1135 | 0.0 | 1.0
322 | 32.750439752763974 | 78.27716650390624 | 0.1135 | 0.0 | 1.0
323 | 32.75629263015796 | 78.48857021484375 | 0.1135 | 0.0 | 1.0
324 | 32.76152958661286 | 78.6998935913086 | 0.1135 | 0.0 | 1.0
325 | 32.76607540297534 | 78.91125939941406 | 0.1135 | 0.0 | 1.0
326 | 32.77167192619918 | 79.11926708984375 | 0.1135 | 0.0 | 1.0
327 | 32.77601403691344 | 79.33204536132813 | 0.1135 | 0.0 | 1.0
328 | 32.78044833546642 | 79.53664006347657 | 0.1135 | 0.0 | 1.0
329 | 32.78527465624896 | 79.74486766357421 | 0.1135 | 0.0 | 1.0
330 | 32.789751832487745 | 79.95008250732423 | 0.1135 | 0.0 | 1.0
331 | 32.79487541467429 | 80.15542080078124 | 0.1135 | 0.0 | 1.0
332 | 32.79986422446138 | 80.35632399902343 | 0.1135 | 0.0 | 1.0
333 | 32.80437727595343 | 80.56299656982422 | 0.1135 | 0.0 | 1.0
334 | 32.809635809671406 | 80.77012037353515 | 0.1135 | 0.0 | 1.0
335 | 32.81337750250655 | 80.97294583740235 | 0.1135 | 0.0 | 1.0
336 | 32.819327957983845 | 81.17606824951172 | 0.1135 | 0.0 | 1.0
337 | 32.8257632749185 | 81.37439279785156 | 0.1135 | 0.0 | 1.0
338 | 32.830814390070536 | 81.57832392578125 | 0.1135 | 0.0 | 1.0
339 | 32.836642938082605 | 81.78211206054688 | 0.1135 | 0.0 | 1.0
340 | 32.84245451740929 | 81.98041158447266 | 0.1135 | 0.0 | 1.0
341 | 32.84806828615887 | 82.18175103759765 | 0.1135 | 0.0 | 1.0
342 | 32.85425962531579 | 82.38021683349609 | 0.1135 | 0.0 | 1.0
343 | 32.86093939228526 | 82.58031595458985 | 0.1135 | 0.0 | 1.0
344 | 32.86678352478093 | 82.77652200927734 | 0.1135 | 0.0 | 1.0
345 | 32.87428865056155 | 82.97584677734375 | 0.1135 | 0.0 | 1.0
346 | 32.88016468483712 | 83.1748681274414 | 0.1135 | 0.0 | 1.0
347 | 32.887118393481735 | 83.37100721435547 | 0.1135 | 0.0 | 1.0
348 | 32.894346304357114 | 83.56527734375 | 0.1135 | 0.0 | 1.0
349 | 32.90112553843821 | 83.7603873046875 | 0.1135 | 0.0 | 1.0
350 | 32.9088397926811 | 83.95537369384766 | 0.1135 | 0.0 | 1.0
351 | 32.91487059700069 | 84.1506375732422 | 0.1135 | 0.0 | 1.0
352 | 32.9216244920468 | 84.343245703125 | 0.1135 | 0.0 | 1.0
353 | 32.928454404197865 | 84.53977875976562 | 0.1135 | 0.0 | 1.0
354 | 32.93410181719313 | 84.73166357421874 | 0.1135 | 0.0 | 1.0
355 | 32.94130759712472 | 84.92781345214844 | 0.1135 | 0.0 | 1.0
356 | 32.94754464750992 | 85.1179348022461 | 0.1135 | 0.0 | 1.0
357 | 32.95357869249016 | 85.30734377441406 | 0.1135 | 0.0 | 1.0
358 | 32.95972482524534 | 85.49918591308594 | 0.1135 | 0.0 | 1.0
359 | 32.96566914138061 | 85.68939526367187 | 0.1135 | 0.0 | 1.0
360 | 32.971775376554994 | 85.88318682861328 | 0.1135 | 0.0 | 1.0
361 | 32.97839316385406 | 86.07525532226562 | 0.1135 | 0.0 | 1.0
362 | 32.98458295596193 | 86.26405434570313 | 0.1135 | 0.0 | 1.0
363 | 32.99084850461913 | 86.45226134033203 | 0.1135 | 0.0 | 1.0
364 | 32.99715476509347 | 86.63938937988281 | 0.1135 | 0.0 | 1.0
365 | 33.00314539499191 | 86.82993778076172 | 0.1135 | 0.0 | 1.0
366 | 33.00908282268772 | 87.01324221191406 | 0.1135 | 0.0 | 1.0
367 | 33.01646153013378 | 87.19869411621094 | 0.1135 | 0.0 | 1.0
368 | 33.02216896863223 | 87.38204318847656 | 0.1135 | 0.0 | 1.0
369 | 33.02760886535319 | 87.56230617675782 | 0.1135 | 0.0 | 1.0
370 | 33.034117316996145 | 87.74679229736329 | 0.1135 | 0.0 | 1.0
371 | 33.04023501661824 | 87.92534759521484 | 0.1135 | 0.0 | 1.0
372 | 33.045821231609985 | 88.11340952148437 | 0.1135 | 0.0 | 1.0
373 | 33.050701552546776 | 88.29498648681641 | 0.1135 | 0.0 | 1.0
374 | 33.056617663535135 | 88.47750561523438 | 0.1135 | 0.0 | 1.0
375 | 33.06250118878506 | 88.6578828125 | 0.1135 | 0.0 | 1.0
376 | 33.06806090852621 | 88.83860877685547 | 0.1135 | 0.0 | 1.0
377 | 33.073426253767636 | 89.0186015258789 | 0.1135 | 0.0 | 1.0
378 | 33.079065231274384 | 89.19895770263672 | 0.1135 | 0.0 | 1.0
379 | 33.08516960998991 | 89.38047508544922 | 0.1135 | 0.0 | 1.0
380 | 33.09065906113469 | 89.55702186279296 | 0.1135 | 0.0 | 1.0
381 | 33.095272019425984 | 89.73048229980469 | 0.1135 | 0.0 | 1.0
382 | 33.10114787456956 | 89.90518881835938 | 0.1135 | 0.0 | 1.0
383 | 33.10697399615733 | 90.08655621337891 | 0.1135 | 0.0 | 1.0
384 | 33.11263199422505 | 90.2618590209961 | 0.1135 | 0.0 | 1.0
385 | 33.118527944721556 | 90.43981971435547 | 0.1135 | 0.0 | 1.0
386 | 33.124135248434584 | 90.61184479980469 | 0.1135 | 0.0 | 1.0
387 | 33.129481165996864 | 90.78942907714844 | 0.1135 | 0.0 | 1.0
388 | 33.135330477035666 | 90.95931751708984 | 0.1135 | 0.0 | 1.0
389 | 33.13944419445579 | 91.13712778320313 | 0.1135 | 0.0 | 1.0
390 | 33.14494743876421 | 91.31390064697266 | 0.1135 | 0.0 | 1.0
391 | 33.15019367751342 | 91.48784526367187 | 0.1135 | 0.0 | 1.0
392 | 33.15568317751238 | 91.66238397216797 | 0.1135 | 0.0 | 1.0
393 | 33.16021536355848 | 91.83487641601562 | 0.1135 | 0.0 | 1.0
394 | 33.16525364634576 | 92.01010924072266 | 0.1135 | 0.0 | 1.0
395 | 33.169696022123254 | 92.17720125732421 | 0.1135 | 0.0 | 1.0
396 | 33.174133496197975 | 92.35215235595703 | 0.1135 | 0.0 | 1.0
397 | 33.179123673902126 | 92.52223071289062 | 0.1135 | 0.0 | 1.0
398 | 33.18333900801782 | 92.69317091064453 | 0.1135 | 0.0 | 1.0
399 | 33.18685906572047 | 92.86295281982422 | 0.1135 | 0.0 | 1.0
400 | 33.19166063371819 | 93.03536350097656 | 0.1135 | 0.0 | 1.0
401 | 33.19550438293653 | 93.20526422119141 | 0.1135 | 0.0 | 1.0
402 | 33.19982988322939 | 93.37649503173829 | 0.1135 | 0.0 | 1.0
403 | 33.20384861183777 | 93.54800789794922 | 0.1135 | 0.0 | 1.0
404 | 33.20757805855831 | 93.71828139648437 | 0.1135 | 0.0 | 1.0
405 | 33.21193241538717 | 93.88558764648438 | 0.1135 | 0.0 | 1.0
406 | 33.216317208370505 | 94.05496674804688 | 0.1135 | 0.0 | 1.0
407 | 33.220548762074145 | 94.22405238037109 | 0.1135 | 0.0 | 1.0
408 | 33.22514533793023 | 94.39235190429687 | 0.1135 | 0.0 | 1.0
409 | 33.22915467025122 | 94.56254188232423 | 0.1135 | 0.0 | 1.0
410 | 33.233588024290036 | 94.72951153564453 | 0.1135 | 0.0 | 1.0
411 | 33.238562340670235 | 94.89760767822266 | 0.1135 | 0.0 | 1.0
412 | 33.24229637968375 | 95.06517265625 | 0.1135 | 0.0 | 1.0
413 | 33.24765602527077 | 95.23463972167968 | 0.1135 | 0.0 | 1.0
414 | 33.25185924354968 | 95.39813382568359 | 0.1135 | 0.0 | 1.0
415 | 33.256836491180714 | 95.56344093017579 | 0.1135 | 0.0 | 1.0
416 | 33.261357277918016 | 95.73125599365234 | 0.1135 | 0.0 | 1.0
417 | 33.265062020707916 | 95.89964263916016 | 0.1135 | 0.0 | 1.0
418 | 33.269880052564496 | 96.06261004638672 | 0.1135 | 0.0 | 1.0
419 | 33.273091107575084 | 96.22943298339844 | 0.1135 | 0.0 | 1.0
420 | 33.27815155387561 | 96.3927388671875 | 0.1135 | 0.0 | 1.0
421 | 33.28235508156433 | 96.55220826416016 | 0.1135 | 0.0 | 1.0
422 | 33.28525724787595 | 96.71906387939453 | 0.1135 | 0.0 | 1.0
423 | 33.289600807930896 | 96.88271246337891 | 0.1135 | 0.0 | 1.0
424 | 33.29330405252593 | 97.04641108398438 | 0.1135 | 0.0 | 1.0
425 | 33.29607572932126 | 97.20928316650391 | 0.1135 | 0.0 | 1.0
426 | 33.30011665401235 | 97.3746967529297 | 0.1135 | 0.0 | 1.0
427 | 33.303965467780735 | 97.53435930175782 | 0.1135 | 0.0 | 1.0
428 | 33.30780094435782 | 97.6924302368164 | 0.1135 | 0.0 | 1.0
429 | 33.31154218122061 | 97.86112302246094 | 0.1135 | 0.0 | 1.0
430 | 33.314688520726676 | 98.02374252929687 | 0.1135 | 0.0 | 1.0
431 | 33.31774149989369 | 98.18206160888671 | 0.1135 | 0.0 | 1.0
432 | 33.32166475114853 | 98.34606242675781 | 0.1135 | 0.0 | 1.0
433 | 33.324351551947494 | 98.50587381591797 | 0.1135 | 0.0 | 1.0
434 | 33.32798187353568 | 98.66167064208985 | 0.1135 | 0.0 | 1.0
435 | 33.33088581488252 | 98.82506378173828 | 0.1135 | 0.0 | 1.0
436 | 33.33432643568757 | 98.98064471435546 | 0.1135 | 0.0 | 1.0
437 | 33.33635855789755 | 99.14333510742188 | 0.1135 | 0.0 | 1.0
438 | 33.33982738384951 | 99.30507194824219 | 0.1135 | 0.0 | 1.0
439 | 33.34340253278311 | 99.46376826171876 | 0.1135 | 0.0 | 1.0
440 | 33.34636487116045 | 99.6206958618164 | 0.1135 | 0.0 | 1.0
441 | 33.34956924943303 | 99.77872023925781 | 0.1135 | 0.0 | 1.0
442 | 33.35372677276839 | 99.93837202148437 | 0.1135 | 0.0 | 1.0
443 | 33.35711051102255 | 100.09411323242188 | 0.1135 | 0.0 | 1.0
444 | 33.36011795809328 | 100.25356788330078 | 0.1135 | 0.0 | 1.0
445 | 33.36356090761427 | 100.40818135986328 | 0.1135 | 0.0 | 1.0
446 | 33.367533127042755 | 100.56485970458985 | 0.1135 | 0.0 | 1.0
447 | 33.37090032001442 | 100.72150705566406 | 0.1135 | 0.0 | 1.0
448 | 33.37510410825878 | 100.88240998535156 | 0.1135 | 0.0 | 1.0
449 | 33.378261733080556 | 101.03869134521484 | 0.1135 | 0.0 | 1.0
450 | 33.38236538653949 | 101.19344880371094 | 0.1135 | 0.0 | 1.0
451 | 33.386431243147385 | 101.34818654785157 | 0.1135 | 0.0 | 1.0
452 | 33.39083911158868 | 101.50239125976563 | 0.1135 | 0.0 | 1.0
453 | 33.39526580517422 | 101.65880146484375 | 0.1135 | 0.0 | 1.0
454 | 33.399257582559656 | 101.81423432617187 | 0.1135 | 0.0 | 1.0
455 | 33.403113626746766 | 101.96810502929688 | 0.1135 | 0.0 | 1.0
456 | 33.40773220326883 | 102.12182159423828 | 0.1135 | 0.0 | 1.0
457 | 33.411153901221276 | 102.27368803710938 | 0.1135 | 0.0 | 1.0
458 | 33.41585580669065 | 102.42396926269531 | 0.1135 | 0.0 | 1.0
459 | 33.42072441890883 | 102.58260346679687 | 0.1135 | 0.0 | 1.0
460 | 33.42533397369222 | 102.73511140136719 | 0.1135 | 0.0 | 1.0
461 | 33.429503857135266 | 102.88719525146485 | 0.1135 | 0.0 | 1.0
462 | 33.433984957993225 | 103.03920903320312 | 0.1135 | 0.0 | 1.0
463 | 33.43934393590644 | 103.18801081542969 | 0.1135 | 0.0 | 1.0
464 | 33.4433117096045 | 103.34117198486328 | 0.1135 | 0.0 | 1.0
465 | 33.44820126398142 | 103.49736041259766 | 0.1135 | 0.0 | 1.0
466 | 33.45224534790951 | 103.64568518066406 | 0.1135 | 0.0 | 1.0
467 | 33.45687708249087 | 103.79638254394531 | 0.1135 | 0.0 | 1.0
468 | 33.46220785525718 | 103.9497517211914 | 0.1135 | 0.0 | 1.0
469 | 33.4660934399388 | 104.09927712402343 | 0.1135 | 0.0 | 1.0
470 | 33.47036344188255 | 104.24813781738281 | 0.1135 | 0.0 | 1.0
471 | 33.474153744627344 | 104.40092658691407 | 0.1135 | 0.0 | 1.0
472 | 33.47922738155662 | 104.55034724121094 | 0.1135 | 0.0 | 1.0
473 | 33.48488425597819 | 104.69846324462891 | 0.1135 | 0.0 | 1.0
474 | 33.48798073165063 | 104.84896827392578 | 0.1135 | 0.0 | 1.0
475 | 33.493441375113605 | 104.99385391845703 | 0.1135 | 0.0 | 1.0
476 | 33.49866740451679 | 105.14310958251953 | 0.1135 | 0.0 | 1.0
477 | 33.502723376295485 | 105.29002233886719 | 0.1135 | 0.0 | 1.0
478 | 33.505876946220276 | 105.43930272216797 | 0.1135 | 0.0 | 1.0
479 | 33.510128513853225 | 105.58647290039063 | 0.1135 | 0.0 | 1.0
480 | 33.513309865522025 | 105.73583139648437 | 0.1135 | 0.0 | 1.0
481 | 33.51742669332498 | 105.88727869873047 | 0.1135 | 0.0 | 1.0
482 | 33.52102991712768 | 106.03342114257812 | 0.1135 | 0.0 | 1.0
483 | 33.524529798053756 | 106.17675872802734 | 0.1135 | 0.0 | 1.0
484 | 33.52733150388541 | 106.32905040283202 | 0.1135 | 0.0 | 1.0
485 | 33.5306756702533 | 106.4761853515625 | 0.1135 | 0.0 | 1.0
486 | 33.5341849637515 | 106.62283787841797 | 0.1135 | 0.0 | 1.0
487 | 33.53636120579413 | 106.76964439697265 | 0.1135 | 0.0 | 1.0
488 | 33.54037602606807 | 106.91584484863282 | 0.1135 | 0.0 | 1.0
489 | 33.542815380442484 | 107.05965485839843 | 0.1135 | 0.0 | 1.0
490 | 33.5471255079532 | 107.20672446289062 | 0.1135 | 0.0 | 1.0
491 | 33.550640891939246 | 107.35592564697265 | 0.1135 | 0.0 | 1.0
492 | 33.55279023161311 | 107.4998419921875 | 0.1135 | 0.0 | 1.0
493 | 33.55614820742938 | 107.64639997558594 | 0.1135 | 0.0 | 1.0
494 | 33.55948270066953 | 107.78975303955077 | 0.1135 | 0.0 | 1.0
495 | 33.56223192082653 | 107.93976065673829 | 0.1135 | 0.0 | 1.0
496 | 33.56602634360721 | 108.08415032958985 | 0.1135 | 0.0 | 1.0
497 | 33.56961074226567 | 108.22422250976562 | 0.1135 | 0.0 | 1.0
498 | 33.57329455918156 | 108.36977493896484 | 0.1135 | 0.0 | 1.0
499 | 33.57612767825132 | 108.51500739746093 | 0.1135 | 0.0 | 1.0
500 | 33.5803112897191 | 108.65868891601562 | 0.1135 | 0.0 | 1.0
501 | 33.58343305557235 | 108.80197591552735 | 0.1135 | 0.0 | 1.0
502 | 33.58760381839064 | 108.94486096191406 | 0.1135 | 0.0 | 1.0
503 | 33.59167802906342 | 109.08845688476562 | 0.1135 | 0.0 | 1.0
504 | 33.59433278151994 | 109.2297630859375 | 0.1135 | 0.0 | 1.0
505 | 33.59750229419232 | 109.37061368408203 | 0.1135 | 0.0 | 1.0
506 | 33.600159635920406 | 109.51480870361328 | 0.1135 | 0.0 | 1.0
507 | 33.60246758883384 | 109.6594048828125 | 0.1135 | 0.0 | 1.0
508 | 33.60455776609504 | 109.80105754394532 | 0.1135 | 0.0 | 1.0
509 | 33.60712793568028 | 109.94215374755859 | 0.1135 | 0.0 | 1.0
510 | 33.60922431742242 | 110.0848767211914 | 0.1135 | 0.0 | 1.0
511 | 33.61097889903261 | 110.23019250488281 | 0.1135 | 0.0 | 1.0
512 | 33.61297923345576 | 110.37238557128906 | 0.1135 | 0.0 | 1.0
513 | 33.614746631145984 | 110.51333081054688 | 0.1135 | 0.0 | 1.0
514 | 33.61810490008734 | 110.6497519165039 | 0.1135 | 0.0 | 1.0
515 | 33.61964901788767 | 110.79483321533203 | 0.1135 | 0.0 | 1.0
516 | 33.621468575558005 | 110.93313569335938 | 0.1135 | 0.0 | 1.0
517 | 33.62353354406204 | 111.07531909179687 | 0.1135 | 0.0 | 1.0
518 | 33.626124737229645 | 111.21502105712891 | 0.1135 | 0.0 | 1.0
519 | 33.62849918068282 | 111.35641550292969 | 0.1135 | 0.0 | 1.0
520 | 33.62890743878506 | 111.49699406738281 | 0.1135 | 0.0 | 1.0
521 | 33.63129142508817 | 111.63610340576172 | 0.1135 | 0.0 | 1.0
522 | 33.63234446066548 | 111.7751872680664 | 0.1135 | 0.0 | 1.0
523 | 33.63396150147266 | 111.91507587890625 | 0.1135 | 0.0 | 1.0
524 | 33.636876516433766 | 112.05413887939453 | 0.1135 | 0.0 | 1.0
525 | 33.63816118596585 | 112.19169040527343 | 0.1135 | 0.0 | 1.0
526 | 33.63929968378969 | 112.33167836914062 | 0.1135 | 0.0 | 1.0
527 | 33.64047850259722 | 112.4709822631836 | 0.1135 | 0.0 | 1.0
528 | 33.6420753503431 | 112.60800714111328 | 0.1135 | 0.0 | 1.0
529 | 33.643661352460896 | 112.75104305419922 | 0.1135 | 0.0 | 1.0
530 | 33.64610730214969 | 112.88664951171874 | 0.1135 | 0.0 | 1.0
531 | 33.64800636185653 | 113.02623162841797 | 0.1135 | 0.0 | 1.0
532 | 33.6485707904893 | 113.16731479492188 | 0.1135 | 0.0 | 1.0
533 | 33.65017353330631 | 113.305823046875 | 0.1135 | 0.0 | 1.0
534 | 33.65246658569466 | 113.44506906738282 | 0.1135 | 0.0 | 1.0
535 | 33.65369977920516 | 113.58531928710937 | 0.1135 | 0.0 | 1.0
536 | 33.655056899487015 | 113.72331217041015 | 0.1135 | 0.0 | 1.0
537 | 33.658045619121864 | 113.85894333496094 | 0.1135 | 0.0 | 1.0
538 | 33.65899698914942 | 113.99949266357422 | 0.1135 | 0.0 | 1.0
539 | 33.661622771076864 | 114.13470814208985 | 0.1135 | 0.0 | 1.0
540 | 33.6634624566696 | 114.27370130615235 | 0.1135 | 0.0 | 1.0
541 | 33.66585305457181 | 114.41117497558594 | 0.1135 | 0.0 | 1.0
542 | 33.667559710230876 | 114.54584094238281 | 0.1135 | 0.0 | 1.0
543 | 33.6697286730006 | 114.67694035644531 | 0.1135 | 0.0 | 1.0
544 | 33.67261492913408 | 114.81692241210938 | 0.1135 | 0.0 | 1.0
545 | 33.67467242294849 | 114.94879709472656 | 0.1135 | 0.0 | 1.0
546 | 33.67717348015296 | 115.08814854736328 | 0.1135 | 0.0 | 1.0
547 | 33.67917391228447 | 115.22252189941406 | 0.1135 | 0.0 | 1.0
548 | 33.68242885463393 | 115.35845936279297 | 0.1135 | 0.0 | 1.0
549 | 33.684242158969155 | 115.49144403076171 | 0.1135 | 0.0 | 1.0
550 | 33.688468061872584 | 115.62941462402344 | 0.1135 | 0.0 | 1.0
551 | 33.69062082133909 | 115.7622852783203 | 0.1135 | 0.0 | 1.0
552 | 33.693290246334506 | 115.89687569580079 | 0.1135 | 0.0 | 1.0
553 | 33.69742511761481 | 116.02890024414063 | 0.1135 | 0.0 | 1.0
554 | 33.69986860830985 | 116.16630805664063 | 0.1135 | 0.0 | 1.0
555 | 33.70300519326453 | 116.3004498046875 | 0.1135 | 0.0 | 1.0
556 | 33.706359928420156 | 116.43272185058593 | 0.1135 | 0.0 | 1.0
557 | 33.71045288281354 | 116.56600075683593 | 0.1135 | 0.0 | 1.0
558 | 33.71355662147416 | 116.69811361083984 | 0.1135 | 0.0 | 1.0
559 | 33.716003092274214 | 116.83054796142578 | 0.1135 | 0.0 | 1.0
560 | 33.71937876958857 | 116.96431052246093 | 0.1135 | 0.0 | 1.0
561 | 33.72279898563088 | 117.0983749633789 | 0.1135 | 0.0 | 1.0
562 | 33.72607356736093 | 117.22668734130859 | 0.1135 | 0.0 | 1.0
563 | 33.72966951189072 | 117.36125054931641 | 0.1135 | 0.0 | 1.0
564 | 33.73247890411344 | 117.49491153564453 | 0.1135 | 0.0 | 1.0
565 | 33.734733117428256 | 117.62729050292968 | 0.1135 | 0.0 | 1.0
566 | 33.73917187799639 | 117.75844929199219 | 0.1135 | 0.0 | 1.0
567 | 33.741157914429365 | 117.89218225097656 | 0.1135 | 0.0 | 1.0
568 | 33.745354846803714 | 118.02376162109375 | 0.1135 | 0.0 | 1.0
569 | 33.74827092027206 | 118.15369610595702 | 0.1135 | 0.0 | 1.0
570 | 33.751033282203636 | 118.28752674560548 | 0.1135 | 0.0 | 1.0
571 | 33.75400579853526 | 118.41428460693359 | 0.1135 | 0.0 | 1.0
572 | 33.75764763342533 | 118.54939282226563 | 0.1135 | 0.0 | 1.0
573 | 33.76113925799489 | 118.6775209350586 | 0.1135 | 0.0 | 1.0
574 | 33.76320043215757 | 118.81173448486328 | 0.1135 | 0.0 | 1.0
575 | 33.76729763686466 | 118.94148273925781 | 0.1135 | 0.0 | 1.0
576 | 33.77072589756203 | 119.06988449707032 | 0.1135 | 0.0 | 1.0
577 | 33.77363057172158 | 119.20714156494141 | 0.1135 | 0.0 | 1.0
578 | 33.776239254685834 | 119.33539556884766 | 0.1135 | 0.0 | 1.0
579 | 33.779881105860625 | 119.46794641113281 | 0.1135 | 0.0 | 1.0
580 | 33.78348993160936 | 119.59795418701172 | 0.1135 | 0.0 | 1.0
581 | 33.78731150102971 | 119.72919780273438 | 0.1135 | 0.0 | 1.0
582 | 33.79164460629002 | 119.8588199584961 | 0.1135 | 0.0 | 1.0
583 | 33.795819619422026 | 119.98792697753906 | 0.1135 | 0.0 | 1.0
584 | 33.79968209607624 | 120.11579407958985 | 0.1135 | 0.0 | 1.0
585 | 33.8031568008146 | 120.24523286132812 | 0.1135 | 0.0 | 1.0
586 | 33.80765529376084 | 120.37509509277344 | 0.1135 | 0.0 | 1.0
587 | 33.81063618044207 | 120.50060354003907 | 0.1135 | 0.0 | 1.0
588 | 33.8142801160619 | 120.63402426757813 | 0.1135 | 0.0 | 1.0
589 | 33.81821717676511 | 120.7629634765625 | 0.1135 | 0.0 | 1.0
590 | 33.8202405215073 | 120.888483984375 | 0.1135 | 0.0 | 1.0
591 | 33.82429418085479 | 121.01832712402344 | 0.1135 | 0.0 | 1.0
592 | 33.8280485920616 | 121.14838876953125 | 0.1135 | 0.0 | 1.0
593 | 33.83112432099203 | 121.27563088378906 | 0.1135 | 0.0 | 1.0
594 | 33.83534877455476 | 121.40246342773438 | 0.1135 | 0.0 | 1.0
595 | 33.83981984402098 | 121.53033549804688 | 0.1135 | 0.0 | 1.0
596 | 33.84091587127718 | 121.65661065673828 | 0.1135 | 0.0 | 1.0
597 | 33.84445942784068 | 121.78140014648437 | 0.1135 | 0.0 | 1.0
598 | 33.84832307699523 | 121.90804322509766 | 0.1135 | 0.0 | 1.0
599 | 33.85063088334612 | 122.03533288574219 | 0.1135 | 0.0 | 1.0
600 | 33.85341654872182 | 122.16195437011719 | 0.1135 | 0.0 | 1.0
601 | 33.856727885080375 | 122.28919851074218 | 0.1135 | 0.0 | 1.0
602 | 33.859086630056865 | 122.41755646972656 | 0.1135 | 0.0 | 1.0
603 | 33.86213532634071 | 122.54419018554688 | 0.1135 | 0.0 | 1.0
604 | 33.86379597764641 | 122.67090355224609 | 0.1135 | 0.0 | 1.0
605 | 33.86675393543223 | 122.79597200927735 | 0.1135 | 0.0 | 1.0
606 | 33.869520645385876 | 122.92355004882812 | 0.1135 | 0.0 | 1.0
607 | 33.87157271638624 | 123.04913228759766 | 0.1135 | 0.0 | 1.0
608 | 33.87327140881387 | 123.17614654541016 | 0.1135 | 0.0 | 1.0
609 | 33.876927004298125 | 123.29839797363282 | 0.1135 | 0.0 | 1.0
610 | 33.87953405878969 | 123.42521203613282 | 0.1135 | 0.0 | 1.0
611 | 33.882377632654084 | 123.55049174804688 | 0.1135 | 0.0 | 1.0
612 | 33.88503901299443 | 123.67709409179687 | 0.1135 | 0.0 | 1.0
613 | 33.88853983843467 | 123.80233386230469 | 0.1135 | 0.0 | 1.0
614 | 33.89154332831677 | 123.92677153320312 | 0.1135 | 0.0 | 1.0
615 | 33.89389666676394 | 124.0509906616211 | 0.1135 | 0.0 | 1.0
616 | 33.8965239143168 | 124.17577947998046 | 0.1135 | 0.0 | 1.0
617 | 33.89979017455143 | 124.29968958740234 | 0.1135 | 0.0 | 1.0
618 | 33.90223060371782 | 124.42290842285156 | 0.1135 | 0.0 | 1.0
619 | 33.90469917289221 | 124.54337239990234 | 0.1135 | 0.0 | 1.0
620 | 33.90697486576174 | 124.67031949462891 | 0.1135 | 0.0 | 1.0
621 | 33.909854787136474 | 124.79441640625 | 0.1135 | 0.0 | 1.0
622 | 33.91238849521828 | 124.91714493408203 | 0.1135 | 0.0 | 1.0
623 | 33.914930150246796 | 125.03815710449219 | 0.1135 | 0.0 | 1.0
624 | 33.91671345811516 | 125.16252446289063 | 0.1135 | 0.0 | 1.0
625 | 33.919329827470484 | 125.28456376953125 | 0.1135 | 0.0 | 1.0
626 | 33.92170759300794 | 125.40687954101563 | 0.1135 | 0.0 | 1.0
627 | 33.92477752457561 | 125.531360546875 | 0.1135 | 0.0 | 1.0
628 | 33.926830637798496 | 125.65399436035156 | 0.1135 | 0.0 | 1.0
629 | 33.929202931667724 | 125.77666506347656 | 0.1135 | 0.0 | 1.0
630 | 33.93139889451457 | 125.89963110351563 | 0.1135 | 0.0 | 1.0
631 | 33.93400601414504 | 126.0245583984375 | 0.1135 | 0.0 | 1.0
632 | 33.936933096088744 | 126.14728596191406 | 0.1135 | 0.0 | 1.0
633 | 33.94021270979939 | 126.27095393066406 | 0.1135 | 0.0 | 1.0
634 | 33.94207092741129 | 126.39335266113281 | 0.1135 | 0.0 | 1.0
635 | 33.94576293554479 | 126.51466069335937 | 0.1135 | 0.0 | 1.0
636 | 33.94886563198289 | 126.63846354980468 | 0.1135 | 0.0 | 1.0
637 | 33.95151027162403 | 126.75884768066406 | 0.1135 | 0.0 | 1.0
638 | 33.95359263221635 | 126.88137036132812 | 0.1135 | 0.0 | 1.0
639 | 33.95581152395861 | 127.00062780761719 | 0.1135 | 0.0 | 1.0
640 | 33.959824341211146 | 127.12515537109375 | 0.1135 | 0.0 | 1.0
641 | 33.96245315209779 | 127.246564453125 | 0.1135 | 0.0 | 1.0
642 | 33.96551337796825 | 127.36819853515625 | 0.1135 | 0.0 | 1.0
643 | 33.96888815962263 | 127.48408269042969 | 0.1135 | 0.0 | 1.0
644 | 33.97145730327008 | 127.60574841308593 | 0.1135 | 0.0 | 1.0
645 | 33.973775466707245 | 127.73226130371094 | 0.1135 | 0.0 | 1.0
646 | 33.977540886389406 | 127.85022373046876 | 0.1135 | 0.0 | 1.0
647 | 33.98057310252968 | 127.9720149169922 | 0.1135 | 0.0 | 1.0
648 | 33.98407086644127 | 128.09419626464845 | 0.1135 | 0.0 | 1.0
649 | 33.98628122498666 | 128.21281767578125 | 0.1135 | 0.0 | 1.0
650 | 33.98981670432564 | 128.333662109375 | 0.1135 | 0.0 | 1.0
651 | 33.9924431050727 | 128.45405915527343 | 0.1135 | 0.0 | 1.0
652 | 33.99528544129786 | 128.57678894042968 | 0.1135 | 0.0 | 1.0
653 | 33.997455088026115 | 128.69700009765626 | 0.1135 | 0.0 | 1.0
654 | 34.00007849238344 | 128.8159201904297 | 0.1135 | 0.0 | 1.0
655 | 34.003749004677495 | 128.9310052734375 | 0.1135 | 0.0 | 1.0
656 | 34.00640693265575 | 129.04927668457032 | 0.1135 | 0.0 | 1.0
657 | 34.00897229824656 | 129.1710072265625 | 0.1135 | 0.0 | 1.0
658 | 34.011354297813 | 129.29138947753907 | 0.1135 | 0.0 | 1.0
659 | 34.014241384467546 | 129.41004873046876 | 0.1135 | 0.0 | 1.0
660 | 34.016917877034416 | 129.52757253417968 | 0.1135 | 0.0 | 1.0
661 | 34.0192861974303 | 129.64616447753906 | 0.1135 | 0.0 | 1.0
662 | 34.02218533478272 | 129.76480603027343 | 0.1135 | 0.0 | 1.0
663 | 34.02510238533468 | 129.8808594970703 | 0.1135 | 0.0 | 1.0
664 | 34.02841189780383 | 130.00030356445313 | 0.1135 | 0.0 | 1.0
665 | 34.03030652806497 | 130.11974987792968 | 0.1135 | 0.0 | 1.0
666 | 34.033126065672526 | 130.24082421875 | 0.1135 | 0.0 | 1.0
667 | 34.0349999166222 | 130.35487788085936 | 0.1135 | 0.0 | 1.0
668 | 34.03754456804045 | 130.47499487304688 | 0.1135 | 0.0 | 1.0
669 | 34.04076653381804 | 130.5947654296875 | 0.1135 | 0.0 | 1.0
670 | 34.043516503072475 | 130.71108376464844 | 0.1135 | 0.0 | 1.0
671 | 34.045743993150516 | 130.82931025390624 | 0.1135 | 0.0 | 1.0
672 | 34.04894381169957 | 130.94521518554689 | 0.1135 | 0.0 | 1.0
673 | 34.051883856285855 | 131.06011416015625 | 0.1135 | 0.0 | 1.0
674 | 34.05489529311466 | 131.17965234375 | 0.1135 | 0.0 | 1.0
675 | 34.05777195754403 | 131.29742705078124 | 0.1135 | 0.0 | 1.0
676 | 34.06035054633305 | 131.4158322998047 | 0.1135 | 0.0 | 1.0
677 | 34.06195850026264 | 131.53226125488283 | 0.1135 | 0.0 | 1.0
678 | 34.064928769301964 | 131.64915302734374 | 0.1135 | 0.0 | 1.0
679 | 34.06662537728455 | 131.76323930664063 | 0.1135 | 0.0 | 1.0
680 | 34.07019511968883 | 131.88545317382813 | 0.1135 | 0.0 | 1.0
681 | 34.07201985590231 | 131.9996813720703 | 0.1135 | 0.0 | 1.0
682 | 34.07448855535452 | 132.11699140625 | 0.1135 | 0.0 | 1.0
683 | 34.07684892880369 | 132.23375502929687 | 0.1135 | 0.0 | 1.0
684 | 34.07875977865278 | 132.34855510253905 | 0.1135 | 0.0 | 1.0
685 | 34.08175310686533 | 132.46600549316406 | 0.1135 | 0.0 | 1.0
686 | 34.08321163214131 | 132.5832611328125 | 0.1135 | 0.0 | 1.0
687 | 34.08580800385205 | 132.69885375976563 | 0.1135 | 0.0 | 1.0
688 | 34.08745113279166 | 132.81337834472657 | 0.1135 | 0.0 | 1.0
689 | 34.09091157210929 | 132.92830847167968 | 0.1135 | 0.0 | 1.0
690 | 34.0928023591749 | 133.0453889404297 | 0.1135 | 0.0 | 1.0
691 | 34.094656798730156 | 133.1622362060547 | 0.1135 | 0.0 | 1.0
692 | 34.09827402739795 | 133.27620903320312 | 0.1135 | 0.0 | 1.0
693 | 34.09932348033534 | 133.38997893066406 | 0.1135 | 0.0 | 1.0
694 | 34.1030984754369 | 133.50243654785157 | 0.1135 | 0.0 | 1.0
695 | 34.10479456230823 | 133.61591997070312 | 0.1135 | 0.0 | 1.0
696 | 34.10740311499466 | 133.73168127441406 | 0.1135 | 0.0 | 1.0
697 | 34.108816824702345 | 133.84794228515625 | 0.1135 | 0.0 | 1.0
698 | 34.111620012444135 | 133.96567172851562 | 0.1135 | 0.0 | 1.0
699 | 34.11262197911803 | 134.0795427001953 | 0.1135 | 0.0 | 1.0
700 | 34.11503830688867 | 134.19332133789064 | 0.1135 | 0.0 | 1.0
701 | 34.117132718178866 | 134.30562138671874 | 0.1135 | 0.0 | 1.0
702 | 34.119046303862056 | 134.42217060546875 | 0.1135 | 0.0 | 1.0
703 | 34.1209023067511 | 134.53632138671875 | 0.1135 | 0.0 | 1.0
704 | 34.12284103605256 | 134.64957268066405 | 0.1135 | 0.0 | 1.0
705 | 34.124510155416225 | 134.76349096679687 | 0.1135 | 0.0 | 1.0
706 | 34.127258756753605 | 134.8772956542969 | 0.1135 | 0.0 | 1.0
707 | 34.12902577989511 | 134.99259470214844 | 0.1135 | 0.0 | 1.0
708 | 34.12983942998766 | 135.10341196289062 | 0.1135 | 0.0 | 1.0
709 | 34.13205480422892 | 135.21676323242187 | 0.1135 | 0.0 | 1.0
710 | 34.134197483449505 | 135.3332119140625 | 0.1135 | 0.0 | 1.0
711 | 34.1358318186366 | 135.44271049804686 | 0.1135 | 0.0 | 1.0
712 | 34.138515411344386 | 135.55613298339844 | 0.1135 | 0.0 | 1.0
713 | 34.140671118346454 | 135.66893688964845 | 0.1135 | 0.0 | 1.0
714 | 34.143033250546125 | 135.77815063476564 | 0.1135 | 0.0 | 1.0
715 | 34.145551520706874 | 135.89144794921876 | 0.1135 | 0.0 | 1.0
716 | 34.147444913328776 | 136.00654528808593 | 0.1135 | 0.0 | 1.0
717 | 34.1499374536211 | 136.11788186035156 | 0.1135 | 0.0 | 1.0
718 | 34.152477610454746 | 136.2273298095703 | 0.1135 | 0.0 | 1.0
719 | 34.15437263154933 | 136.34215119628905 | 0.1135 | 0.0 | 1.0
720 | 34.15677384709345 | 136.4551171142578 | 0.1135 | 0.0 | 1.0
721 | 34.15877595655183 | 136.5689087158203 | 0.1135 | 0.0 | 1.0
722 | 34.161170983899744 | 136.67880283203124 | 0.1135 | 0.0 | 1.0
723 | 34.16270018489028 | 136.79081098632813 | 0.1135 | 0.0 | 1.0
724 | 34.165792328825376 | 136.9016294921875 | 0.1135 | 0.0 | 1.0
725 | 34.16719998061466 | 137.01611311035157 | 0.1135 | 0.0 | 1.0
726 | 34.16949586654549 | 137.1255617919922 | 0.1135 | 0.0 | 1.0
727 | 34.171029236426094 | 137.23747377929686 | 0.1135 | 0.0 | 1.0
728 | 34.17410887369097 | 137.35019985351562 | 0.1135 | 0.0 | 1.0
729 | 34.17490825836279 | 137.45833405761718 | 0.1135 | 0.0 | 1.0
730 | 34.177500982294724 | 137.56631110839842 | 0.1135 | 0.0 | 1.0
731 | 34.178700059302464 | 137.68294060058594 | 0.1135 | 0.0 | 1.0
732 | 34.1806060888724 | 137.79192482910156 | 0.1135 | 0.0 | 1.0
733 | 34.18208298332027 | 137.9038555908203 | 0.1135 | 0.0 | 1.0
734 | 34.18389801383655 | 138.01517348632814 | 0.1135 | 0.0 | 1.0
735 | 34.18602838180363 | 138.12490202636718 | 0.1135 | 0.0 | 1.0
736 | 34.188826097877204 | 138.2320631591797 | 0.1135 | 0.0 | 1.0
737 | 34.19007845851121 | 138.34641633300782 | 0.1135 | 0.0 | 1.0
738 | 34.19117207562783 | 138.45577780761718 | 0.1135 | 0.0 | 1.0
739 | 34.193786165121395 | 138.56736213378906 | 0.1135 | 0.0 | 1.0
740 | 34.19534376667556 | 138.6793458984375 | 0.1135 | 0.0 | 1.0
741 | 34.19749165700874 | 138.79148193359376 | 0.1135 | 0.0 | 1.0
742 | 34.19988557699523 | 138.90101875 | 0.1135 | 0.0 | 1.0
743 | 34.20130391156533 | 139.00898041992187 | 0.1135 | 0.0 | 1.0
744 | 34.20289935882471 | 139.12199526367186 | 0.1135 | 0.0 | 1.0
745 | 34.2060669987535 | 139.23091037597655 | 0.1135 | 0.0 | 1.0
746 | 34.20637484522996 | 139.34356545410157 | 0.1135 | 0.0 | 1.0
747 | 34.209557792801995 | 139.45461596679687 | 0.1135 | 0.0 | 1.0
748 | 34.2122091417506 | 139.56431689453126 | 0.1135 | 0.0 | 1.0
749 | 34.21383794013057 | 139.67516433105467 | 0.1135 | 0.0 | 1.0
750 | 34.21594928753669 | 139.78327482910157 | 0.1135 | 0.0 | 1.0
751 | 34.21894958561233 | 139.89213310546876 | 0.1135 | 0.0 | 1.0
752 | 34.22124488529299 | 140.0043571533203 | 0.1135 | 0.0 | 1.0
753 | 34.22271663376718 | 140.11004052734376 | 0.1135 | 0.0 | 1.0
754 | 34.226212964622796 | 140.2204280517578 | 0.1135 | 0.0 | 1.0
755 | 34.22842013136172 | 140.3286247314453 | 0.1135 | 0.0 | 1.0
756 | 34.23110756726504 | 140.43786513671876 | 0.1135 | 0.0 | 1.0
757 | 34.2337357267626 | 140.5465610595703 | 0.1135 | 0.0 | 1.0
758 | 34.23694538128669 | 140.6552689453125 | 0.1135 | 0.0 | 1.0
759 | 34.2402106644377 | 140.761173828125 | 0.1135 | 0.0 | 1.0
760 | 34.242117084841084 | 140.87482604980468 | 0.1135 | 0.0 | 1.0
761 | 34.24421410168757 | 140.98428161621095 | 0.1135 | 0.0 | 1.0
762 | 34.247208667539354 | 141.0880490234375 | 0.1135 | 0.0 | 1.0
763 | 34.25043252234525 | 141.19544267578124 | 0.1135 | 0.0 | 1.0
764 | 34.25164078393893 | 141.3050367919922 | 0.1135 | 0.0 | 1.0
765 | 34.25490176792206 | 141.41201149902344 | 0.1135 | 0.0 | 1.0
766 | 34.25626206372566 | 141.5228151123047 | 0.1135 | 0.0 | 1.0
767 | 34.258990472001734 | 141.62889274902344 | 0.1135 | 0.0 | 1.0
768 | 34.26134589489394 | 141.73645776367186 | 0.1135 | 0.0 | 1.0
769 | 34.26224559348319 | 141.8428448730469 | 0.1135 | 0.0 | 1.0
770 | 34.26398434633888 | 141.95011232910156 | 0.1135 | 0.0 | 1.0
771 | 34.266358724653145 | 142.05855361328125 | 0.1135 | 0.0 | 1.0
772 | 34.26844557983008 | 142.1668970703125 | 0.1135 | 0.0 | 1.0
773 | 34.269797212158984 | 142.26983837890626 | 0.1135 | 0.0 | 1.0
774 | 34.27198881069904 | 142.37438264160156 | 0.1135 | 0.0 | 1.0
775 | 34.273582173513375 | 142.48463332519532 | 0.1135 | 0.0 | 1.0
776 | 34.27569124105773 | 142.5912541015625 | 0.1135 | 0.0 | 1.0
777 | 34.27825106984142 | 142.69714877929687 | 0.1135 | 0.0 | 1.0
778 | 34.28010375064618 | 142.80344084472657 | 0.1135 | 0.0 | 1.0
779 | 34.282273071679896 | 142.91072043457032 | 0.1135 | 0.0 | 1.0
780 | 34.284101325394374 | 143.01309921875 | 0.1135 | 0.0 | 1.0
781 | 34.28653406816969 | 143.1225082763672 | 0.1135 | 0.0 | 1.0
782 | 34.28826669796808 | 143.2275119140625 | 0.1135 | 0.0 | 1.0
783 | 34.290284896736594 | 143.33102822265624 | 0.1135 | 0.0 | 1.0
784 | 34.29253987543356 | 143.4402830078125 | 0.1135 | 0.0 | 1.0
785 | 34.29415740478255 | 143.54459038085938 | 0.1135 | 0.0 | 1.0
786 | 34.29715535785753 | 143.65158505859375 | 0.1135 | 0.0 | 1.0
787 | 34.29868631759855 | 143.7577876953125 | 0.1135 | 0.0 | 1.0
788 | 34.30065689982574 | 143.86255620117188 | 0.1135 | 0.0 | 1.0
789 | 34.30285429572856 | 143.96850810546874 | 0.1135 | 0.0 | 1.0
790 | 34.3044038200582 | 144.07237729492186 | 0.1135 | 0.0 | 1.0
791 | 34.30569337500834 | 144.17946904296875 | 0.1135 | 0.0 | 1.0
792 | 34.30758246846235 | 144.28725 | 0.1135 | 0.0 | 1.0
793 | 34.30970710420558 | 144.39340886230468 | 0.1135 | 0.0 | 1.0
794 | 34.31201145819437 | 144.49849428710937 | 0.1135 | 0.0 | 1.0
795 | 34.313950773746 | 144.6031208984375 | 0.1135 | 0.0 | 1.0
796 | 34.31519922604556 | 144.70746789550782 | 0.1135 | 0.0 | 1.0
797 | 34.3170877332494 | 144.81017282714845 | 0.1135 | 0.0 | 1.0
798 | 34.31928630165255 | 144.91201196289063 | 0.1135 | 0.0 | 1.0
799 | 34.32138657544441 | 145.02031989746095 | 0.1135 | 0.0 | 1.0
800 | 34.32299374770711 | 145.12379921875 | 0.1135 | 0.0 | 1.0
801 | 34.32557285760739 | 145.22576569824218 | 0.1135 | 0.0 | 1.0
802 | 34.3277728590665 | 145.332452734375 | 0.1135 | 0.0 | 1.0
803 | 34.33012430848536 | 145.4394982421875 | 0.1135 | 0.0 | 1.0
804 | 34.332326915500765 | 145.5422301513672 | 0.1135 | 0.0 | 1.0
805 | 34.333883409693506 | 145.64924162597657 | 0.1135 | 0.0 | 1.0
806 | 34.33547038889491 | 145.75408349609376 | 0.1135 | 0.0 | 1.0
807 | 34.33843277612643 | 145.85386489257812 | 0.1135 | 0.0 | 1.0
808 | 34.340851448897745 | 145.96079240722656 | 0.1135 | 0.0 | 1.0
809 | 34.34327207583628 | 146.06020732421874 | 0.1135 | 0.0 | 1.0
810 | 34.34516364456877 | 146.16538388671876 | 0.1135 | 0.0 | 1.0
811 | 34.34751978398896 | 146.26938623046874 | 0.1135 | 0.0 | 1.0
812 | 34.34856773873149 | 146.3715760986328 | 0.1135 | 0.0 | 1.0
813 | 34.35213174891192 | 146.47726767578126 | 0.1135 | 0.0 | 1.0
814 | 34.353865160377204 | 146.58253908691407 | 0.1135 | 0.0 | 1.0
815 | 34.35610737184832 | 146.68203569335938 | 0.1135 | 0.0 | 1.0
816 | 34.357959661819635 | 146.78654501953125 | 0.1135 | 0.0 | 1.0
817 | 34.35947062391609 | 146.88737592773438 | 0.1135 | 0.0 | 1.0
818 | 34.36263585370531 | 146.99093916015624 | 0.1135 | 0.0 | 1.0
819 | 34.36476433264408 | 147.09427387695314 | 0.1135 | 0.0 | 1.0
820 | 34.36719427444637 | 147.19866713867188 | 0.1135 | 0.0 | 1.0
821 | 34.369158668477354 | 147.30214377441405 | 0.1135 | 0.0 | 1.0
822 | 34.372371645085714 | 147.3975701171875 | 0.1135 | 0.0 | 1.0
823 | 34.3745205125025 | 147.50427958984375 | 0.1135 | 0.0 | 1.0
824 | 34.37809377240779 | 147.60792243652344 | 0.1135 | 0.0 | 1.0
825 | 34.38046280933165 | 147.70980288085937 | 0.1135 | 0.0 | 1.0
826 | 34.38171289010389 | 147.8098824951172 | 0.1135 | 0.0 | 1.0
827 | 34.38390559600537 | 147.9177186767578 | 0.1135 | 0.0 | 1.0
828 | 34.387698504306464 | 148.01833864746095 | 0.1135 | 0.0 | 1.0
829 | 34.38980431490545 | 148.1193021484375 | 0.1135 | 0.0 | 1.0
830 | 34.392045353876235 | 148.22122424316407 | 0.1135 | 0.0 | 1.0
831 | 34.395503708748834 | 148.3236541015625 | 0.1135 | 0.0 | 1.0
832 | 34.39775920855706 | 148.4240030517578 | 0.1135 | 0.0 | 1.0
833 | 34.40044788209962 | 148.5286782470703 | 0.1135 | 0.0 | 1.0
834 | 34.40335770223286 | 148.62785466308594 | 0.1135 | 0.0 | 1.0
835 | 34.40572257026664 | 148.73323254394532 | 0.1135 | 0.0 | 1.0
836 | 34.40842427159068 | 148.83697241210936 | 0.1135 | 0.0 | 1.0
837 | 34.41042364521495 | 148.93675017089845 | 0.1135 | 0.0 | 1.0
838 | 34.413638706268344 | 149.0373681640625 | 0.1135 | 0.0 | 1.0
839 | 34.415338766613026 | 149.14139467773438 | 0.1135 | 0.0 | 1.0
840 | 34.41725801938117 | 149.24028349609375 | 0.1135 | 0.0 | 1.0
841 | 34.41996174001134 | 149.34105190429688 | 0.1135 | 0.0 | 1.0
842 | 34.42252267615645 | 149.44337653808594 | 0.1135 | 0.0 | 1.0
843 | 34.42499280866462 | 149.5458578125 | 0.1135 | 0.0 | 1.0
844 | 34.42681409251601 | 149.64730388183594 | 0.1135 | 0.0 | 1.0
845 | 34.428600005940666 | 149.74670810546874 | 0.1135 | 0.0 | 1.0
846 | 34.430989561620365 | 149.85075571289062 | 0.1135 | 0.0 | 1.0
847 | 34.43310116958211 | 149.95148393554686 | 0.1135 | 0.0 | 1.0
848 | 34.43380141283684 | 150.05166259765625 | 0.1135 | 0.0 | 1.0
849 | 34.43607528181697 | 150.1533475341797 | 0.1135 | 0.0 | 1.0
850 | 34.43892080984858 | 150.25551235351563 | 0.1135 | 0.0 | 1.0
851 | 34.44018085687367 | 150.354123046875 | 0.1135 | 0.0 | 1.0
852 | 34.44135654901364 | 150.45556916503907 | 0.1135 | 0.0 | 1.0
853 | 34.444130228830375 | 150.5535946044922 | 0.1135 | 0.0 | 1.0
854 | 34.44567910177094 | 150.65460861816408 | 0.1135 | 0.0 | 1.0
855 | 34.448029704384005 | 150.75188244628907 | 0.1135 | 0.0 | 1.0
856 | 34.450095845388375 | 150.8566076171875 | 0.1135 | 0.0 | 1.0
857 | 34.45062698803945 | 150.95550922851564 | 0.1135 | 0.0 | 1.0
858 | 34.45267651862243 | 151.05296552734376 | 0.1135 | 0.0 | 1.0
859 | 34.456101066402084 | 151.155943359375 | 0.1135 | 0.0 | 1.0
860 | 34.45708498959862 | 151.2573420654297 | 0.1135 | 0.0 | 1.0
861 | 34.460316139962146 | 151.35674555664062 | 0.1135 | 0.0 | 1.0
862 | 34.46136435526031 | 151.4537166748047 | 0.1135 | 0.0 | 1.0
863 | 34.46360415659185 | 151.55644926757813 | 0.1135 | 0.0 | 1.0
864 | 34.46537560917906 | 151.65131848144532 | 0.1135 | 0.0 | 1.0
865 | 34.46745568990962 | 151.75158767089843 | 0.1135 | 0.0 | 1.0
866 | 34.4702271550035 | 151.85094631347656 | 0.1135 | 0.0 | 1.0
867 | 34.471964539942135 | 151.95082966308593 | 0.1135 | 0.0 | 1.0
868 | 34.47396254564934 | 152.0511465576172 | 0.1135 | 0.0 | 1.0
869 | 34.4762068415655 | 152.14892153320312 | 0.1135 | 0.0 | 1.0
870 | 34.47835466675977 | 152.24623034667968 | 0.1135 | 0.0 | 1.0
871 | 34.48019458033868 | 152.34786325683595 | 0.1135 | 0.0 | 1.0
872 | 34.482701451190636 | 152.448651171875 | 0.1135 | 0.0 | 1.0
873 | 34.48475632316402 | 152.54406066894532 | 0.1135 | 0.0 | 1.0
874 | 34.48662313911169 | 152.64350947265626 | 0.1135 | 0.0 | 1.0
875 | 34.489843085583146 | 152.73835153808594 | 0.1135 | 0.0 | 1.0
876 | 34.49157688788187 | 152.83575014648437 | 0.1135 | 0.0 | 1.0
877 | 34.493463506057395 | 152.9354744140625 | 0.1135 | 0.0 | 1.0
878 | 34.49624702184915 | 153.03612458496093 | 0.1135 | 0.0 | 1.0
879 | 34.4984087216307 | 153.133295703125 | 0.1135 | 0.0 | 1.0
880 | 34.50042040650847 | 153.2335322265625 | 0.1135 | 0.0 | 1.0
881 | 34.503050064200906 | 153.33206237792967 | 0.1135 | 0.0 | 1.0
882 | 34.50451171614444 | 153.4290930419922 | 0.1135 | 0.0 | 1.0
883 | 34.507754786928025 | 153.52927172851562 | 0.1135 | 0.0 | 1.0
884 | 34.509055545770245 | 153.62492700195313 | 0.1135 | 0.0 | 1.0
885 | 34.51068571206727 | 153.72339858398436 | 0.1135 | 0.0 | 1.0
886 | 34.513751214189234 | 153.82154267578125 | 0.1135 | 0.0 | 1.0
887 | 34.51489583507037 | 153.91803474121093 | 0.1135 | 0.0 | 1.0
888 | 34.517890270644344 | 154.01683161621094 | 0.1135 | 0.0 | 1.0
889 | 34.5190754730648 | 154.11718415527343 | 0.1135 | 0.0 | 1.0
890 | 34.522043071408916 | 154.2137822265625 | 0.1135 | 0.0 | 1.0
891 | 34.52388298498783 | 154.3128430908203 | 0.1135 | 0.0 | 1.0
892 | 34.525934860571475 | 154.40898537597656 | 0.1135 | 0.0 | 1.0
893 | 34.52727313942436 | 154.50567111816406 | 0.1135 | 0.0 | 1.0
894 | 34.53016713080309 | 154.596562890625 | 0.1135 | 0.0 | 1.0
895 | 34.531523778827875 | 154.70316845703124 | 0.1135 | 0.0 | 1.0
896 | 34.534012866758104 | 154.80096286621094 | 0.1135 | 0.0 | 1.0
897 | 34.536229543777516 | 154.89863315429687 | 0.1135 | 0.0 | 1.0
898 | 34.53808189888774 | 154.99315229492188 | 0.1135 | 0.0 | 1.0
899 | 34.5403543348119 | 155.09364047851562 | 0.1135 | 0.0 | 1.0
900 | 34.54246737582961 | 155.18891843261719 | 0.1135 | 0.0 | 1.0
901 | 34.544596245601824 | 155.2865232421875 | 0.1135 | 0.0 | 1.0
902 | 34.54760201534568 | 155.3829940917969 | 0.1135 | 0.0 | 1.0
903 | 34.54922807789154 | 155.4799373046875 | 0.1135 | 0.0 | 1.0
904 | 34.55210428634855 | 155.57737548828126 | 0.1135 | 0.0 | 1.0
905 | 34.55330837905216 | 155.67297485351563 | 0.1135 | 0.0 | 1.0
906 | 34.55624217030333 | 155.7682759033203 | 0.1135 | 0.0 | 1.0
907 | 34.55792184216999 | 155.86499157714843 | 0.1135 | 0.0 | 1.0
908 | 34.56133173369547 | 155.9598830078125 | 0.1135 | 0.0 | 1.0
909 | 34.56245218804195 | 156.05960573730468 | 0.1135 | 0.0 | 1.0
910 | 34.564507060015345 | 156.15624916992186 | 0.1135 | 0.0 | 1.0
911 | 34.56695471960045 | 156.24949704589844 | 0.1135 | 0.0 | 1.0
912 | 34.568881593620766 | 156.34903173828124 | 0.1135 | 0.0 | 1.0
913 | 34.571964162136474 | 156.4438072265625 | 0.1135 | 0.0 | 1.0
914 | 34.57327866528816 | 156.5401404296875 | 0.1135 | 0.0 | 1.0
915 | 34.57466697082194 | 156.63533703613282 | 0.1135 | 0.0 | 1.0
916 | 34.57633543879653 | 156.73061350097657 | 0.1135 | 0.0 | 1.0
917 | 34.57833813450507 | 156.82505463867187 | 0.1135 | 0.0 | 1.0
918 | 34.57943820037353 | 156.92135432128907 | 0.1135 | 0.0 | 1.0
919 | 34.5814288453842 | 157.01474958496092 | 0.1135 | 0.0 | 1.0
920 | 34.58256245778999 | 157.10853154296876 | 0.1135 | 0.0 | 1.0
921 | 34.58430147120131 | 157.2068744140625 | 0.1135 | 0.0 | 1.0
922 | 34.586588433101824 | 157.29934545898436 | 0.1135 | 0.0 | 1.0
923 | 34.58720816466699 | 157.397568359375 | 0.1135 | 0.0 | 1.0
924 | 34.588648646465614 | 157.4933468261719 | 0.1135 | 0.0 | 1.0
925 | 34.59026343998049 | 157.5901156982422 | 0.1135 | 0.0 | 1.0
926 | 34.59135640570805 | 157.68663132324218 | 0.1135 | 0.0 | 1.0
927 | 34.5927391744347 | 157.78125725097655 | 0.1135 | 0.0 | 1.0
928 | 34.59515843345618 | 157.87368962402343 | 0.1135 | 0.0 | 1.0
929 | 34.59656771371815 | 157.9696484863281 | 0.1135 | 0.0 | 1.0
930 | 34.5965251128727 | 158.0629483642578 | 0.1135 | 0.0 | 1.0
931 | 34.598641931947036 | 158.1619840332031 | 0.1135 | 0.0 | 1.0
932 | 34.598977201903516 | 158.2534671142578 | 0.1135 | 0.0 | 1.0
933 | 34.60079796464365 | 158.34401635742188 | 0.1135 | 0.0 | 1.0
934 | 34.602499588322104 | 158.44286694335938 | 0.1135 | 0.0 | 1.0
935 | 34.60397876263173 | 158.53717216796875 | 0.1135 | 0.0 | 1.0
936 | 34.605974618755006 | 158.63267543945312 | 0.1135 | 0.0 | 1.0
937 | 34.60644628958361 | 158.729332421875 | 0.1135 | 0.0 | 1.0
938 | 34.60788696679896 | 158.82455439453125 | 0.1135 | 0.0 | 1.0
939 | 34.60911652881537 | 158.91911508789062 | 0.1135 | 0.0 | 1.0
940 | 34.61125113081143 | 159.0123984375 | 0.1135 | 0.0 | 1.0
941 | 34.6130283156225 | 159.10637797851564 | 0.1135 | 0.0 | 1.0
942 | 34.61358805425394 | 159.202821484375 | 0.1135 | 0.0 | 1.0
943 | 34.61583280614244 | 159.297223046875 | 0.1135 | 0.0 | 1.0
944 | 34.61597344104356 | 159.3939305908203 | 0.1135 | 0.0 | 1.0
945 | 34.61813084165722 | 159.48270478515624 | 0.1135 | 0.0 | 1.0
946 | 34.61968030084795 | 159.57737919921874 | 0.1135 | 0.0 | 1.0
947 | 34.62114312529182 | 159.669561328125 | 0.1135 | 0.0 | 1.0
948 | 34.62328280812267 | 159.76550869140624 | 0.1135 | 0.0 | 1.0
949 | 34.624521750141746 | 159.85781650390626 | 0.1135 | 0.0 | 1.0
950 | 34.626134589489396 | 159.95485036621093 | 0.1135 | 0.0 | 1.0
951 | 34.62758210629002 | 160.0439669189453 | 0.1135 | 0.0 | 1.0
952 | 34.629343983457844 | 160.1382396484375 | 0.1135 | 0.0 | 1.0
953 | 34.62998547141809 | 160.23166408691407 | 0.1135 | 0.0 | 1.0
954 | 34.63195637933981 | 160.32569060058594 | 0.1135 | 0.0 | 1.0
955 | 34.63368360260889 | 160.41922094726561 | 0.1135 | 0.0 | 1.0
956 | 34.6350378404941 | 160.51186860351564 | 0.1135 | 0.0 | 1.0
957 | 34.63623704777965 | 160.60721164550782 | 0.1135 | 0.0 | 1.0
958 | 34.63720064763707 | 160.69797607421876 | 0.1135 | 0.0 | 1.0
959 | 34.638995354814234 | 160.79269216308595 | 0.1135 | 0.0 | 1.0
960 | 34.640027676218985 | 160.88429270019532 | 0.1135 | 0.0 | 1.0
961 | 34.642179540025516 | 160.97738181152343 | 0.1135 | 0.0 | 1.0
962 | 34.642533895681865 | 161.07019072265626 | 0.1135 | 0.0 | 1.0
963 | 34.645821977450474 | 161.16120197753906 | 0.1135 | 0.0 | 1.0
964 | 34.64629677494664 | 161.25426752929687 | 0.1135 | 0.0 | 1.0
965 | 34.64757610308831 | 161.353487890625 | 0.1135 | 0.0 | 1.0
966 | 34.64859682976754 | 161.44418508300782 | 0.1135 | 0.0 | 1.0
967 | 34.649670709795224 | 161.53419631347657 | 0.1135 | 0.0 | 1.0
968 | 34.65186028902915 | 161.6294259033203 | 0.1135 | 0.0 | 1.0
969 | 34.65375967443053 | 161.72507736816405 | 0.1135 | 0.0 | 1.0
970 | 34.65430755778082 | 161.81689736328124 | 0.1135 | 0.0 | 1.0
971 | 34.65610715037604 | 161.90867663574218 | 0.1135 | 0.0 | 1.0
972 | 34.658011160639845 | 161.9986245605469 | 0.1135 | 0.0 | 1.0
973 | 34.65988696575673 | 162.08873562011718 | 0.1135 | 0.0 | 1.0
974 | 34.662952728434334 | 162.18444650878905 | 0.1135 | 0.0 | 1.0
975 | 34.66271646961713 | 162.27877946777343 | 0.1135 | 0.0 | 1.0
976 | 34.664994442348416 | 162.37224689941405 | 0.1135 | 0.0 | 1.0
977 | 34.666147075315166 | 162.46062541503906 | 0.1135 | 0.0 | 1.0
978 | 34.66804750293907 | 162.5550576904297 | 0.1135 | 0.0 | 1.0
979 | 34.67030580372032 | 162.64750847167969 | 0.1135 | 0.0 | 1.0
980 | 34.67121931175794 | 162.7363917236328 | 0.1135 | 0.0 | 1.0
981 | 34.673562423396646 | 162.827849609375 | 0.1135 | 0.0 | 1.0
982 | 34.675469104355656 | 162.92065541992187 | 0.1135 | 0.0 | 1.0
983 | 34.67698410506437 | 163.01404758300782 | 0.1135 | 0.0 | 1.0
984 | 34.67915681332127 | 163.10804353027345 | 0.1135 | 0.0 | 1.0
985 | 34.68121416057314 | 163.1984565673828 | 0.1135 | 0.0 | 1.0
986 | 34.683445298429994 | 163.29175988769532 | 0.1135 | 0.0 | 1.0
987 | 34.68453735221285 | 163.3840655517578 | 0.1135 | 0.0 | 1.0
988 | 34.686340527447975 | 163.47518259277345 | 0.1135 | 0.0 | 1.0
989 | 34.68877939328058 | 163.562421875 | 0.1135 | 0.0 | 1.0
990 | 34.68989685123733 | 163.6573787109375 | 0.1135 | 0.0 | 1.0
991 | 34.69085419775964 | 163.75015100097656 | 0.1135 | 0.0 | 1.0
992 | 34.69310917645661 | 163.83864362792968 | 0.1135 | 0.0 | 1.0
993 | 34.69405069422442 | 163.93219116210938 | 0.1135 | 0.0 | 1.0
994 | 34.69631361986809 | 164.02573044433595 | 0.1135 | 0.0 | 1.0
995 | 34.697576011893844 | 164.1146020751953 | 0.1135 | 0.0 | 1.0
996 | 34.69959805385789 | 164.2059006347656 | 0.1135 | 0.0 | 1.0
997 | 34.70069694722602 | 164.2988314453125 | 0.1135 | 0.0 | 1.0
998 | 34.70221566085245 | 164.38908110351562 | 0.1135 | 0.0 | 1.0
999 | 34.70316955501267 | 164.48108078613282 | 0.1135 | 0.0 | 1.0
