epoch | target_train_loss | target_val_loss | target_val_acc | discrim_loss | discrim_acc
0 | 2.7700233752027565 | 2.1852437795307367 | 0.216243148978575 | 0.361898051625168 | 0.8122888513513513
1 | 2.468450794526196 | 3.3955630284372584 | 0.12007972097658197 | 0.1714116696872421 | 0.9562922297297297
2 | 3.054995065435357 | 2.329813757760048 | 0.07025411061285501 | 0.07487503414017123 | 0.996410472972973
3 | 4.281674257112206 | 2.742434678531489 | 0.1469855505729945 | 0.097959489007858 | 0.9676942567567568
4 | 4.681851294062553 | 2.248354152238482 | 0.216243148978575 | 0.16307894524337874 | 0.9474239864864865
5 | 4.24184938691078 | 2.5669981414070757 | 0.20976581963129048 | 0.13300360975837386 | 0.9478462837837838
6 | 5.816710266498251 | 2.529898402224029 | 0.15695067264573992 | 0.049799238721764574 | 0.9894425675675675
7 | 5.813283174409779 | 2.669377175978778 | 0.1474838066766318 | 0.05409123779689843 | 0.984375
8 | 6.339601604216689 | 3.8162313258404392 | 0.14997508719481814 | 0.08097548049566261 | 0.9750844594594594
9 | 5.133882925051068 | 4.850423639902857 | 0.10662680617837568 | 0.04869871017699306 | 0.9883868243243243
10 | 5.066064110589684 | 4.7834989555332275 | 0.1111111111111111 | 0.06314238500655503 | 0.9847972972972973
11 | 5.211955044247689 | 4.832246973791346 | 0.12257100149476831 | 0.08643437653931009 | 0.9761402027027027
12 | 5.753424060454062 | 5.428855146052651 | 0.15844544095665172 | 0.04893556571993474 | 0.9881756756756757
13 | 5.716555678516353 | 4.460769278883162 | 0.15645241654210265 | 0.021339032113099017 | 0.995777027027027
14 | 7.011665864821968 | 3.9034437361081915 | 0.127553562531141 | 0.1113999054100163 | 0.9617820945945946
15 | 6.079276533301817 | 1.7357528430048244 | 0.5660189337319382 | 0.07207662750639625 | 0.9774070945945946
16 | 5.871859025517735 | 1.4852861958947061 | 0.6128550074738416 | 0.043336999860617356 | 0.988597972972973
17 | 5.834556927374743 | 2.6831131026586847 | 0.36422521175884404 | 0.06867397131045928 | 0.9767736486486487
18 | 6.468141792017385 | 2.1583516117228045 | 0.4857997010463378 | 0.05312928963905653 | 0.9852195945945946
19 | 5.876729925838085 | 1.8709655816601352 | 0.5774788241155954 | 0.07930823425586159 | 0.9757179054054054
20 | 6.433498623174265 | 2.429045624440739 | 0.5560538116591929 | 0.0925647647850014 | 0.9655827702702703
21 | 6.402373493264575 | 1.6475157092683161 | 0.661684105630294 | 0.06229139718453627 | 0.9759290540540541
22 | 5.984864786130573 | 1.6066106790087387 | 0.6731439960139511 | 0.08581662178039551 | 0.9710726351351351
23 | 6.31290137877158 | 1.9762842752592564 | 0.6686596910812157 | 0.10833558621438774 | 0.9615709459459459
24 | 6.445210664644154 | 1.4098900041000488 | 0.7169905331340309 | 0.09988540567054942 | 0.9664273648648649
25 | 6.871626626460924 | 1.5349583416716877 | 0.6641753861484804 | 0.08786831692968672 | 0.9670608108108109
26 | 6.395618915557861 | 1.5213391040175723 | 0.7254608868958645 | 0.06978126542290321 | 0.9767736486486487
27 | 6.47712957749673 | 1.602193707189099 | 0.7174887892376681 | 0.07030641856427128 | 0.9761402027027027
28 | 6.748430912647772 | 1.7934836875638025 | 0.6895864474339811 | 0.05158625336716304 | 0.980152027027027
29 | 6.953261620407805 | 1.6347684240127358 | 0.6975585450921774 | 0.07613313843722681 | 0.9706503378378378
30 | 6.488993106632058 | 1.4757331619823402 | 0.71350274040857 | 0.05544433827084061 | 0.9818412162162162
31 | 6.359692626043198 | 1.2540778134317023 | 0.750373692077728 | 0.06335809431668069 | 0.9782516891891891
32 | 6.124232917750647 | 1.340420048422165 | 0.7304434479322371 | 0.04420406484624018 | 0.9871199324324325
33 | 6.701181564856013 | 1.0980375287956898 | 0.7653213751868461 | 0.0455299645813333 | 0.9852195945945946
34 | 6.878009524914103 | 1.226494822563909 | 0.7583457897359243 | 0.037967844815874424 | 0.9860641891891891
35 | 6.909356528465901 | 1.5451295696566458 | 0.726457399103139 | 0.049043231819932524 | 0.9822635135135135
36 | 7.536647499154467 | 1.179740746934793 | 0.7653213751868461 | 0.07165186922695185 | 0.9757179054054054
37 | 7.1831448450001005 | 1.6935176719880305 | 0.7234678624813154 | 0.06785337032901274 | 0.9744510135135135
38 | 7.224402572036883 | 1.5445192744022707 | 0.7279521674140508 | 0.08272823565513701 | 0.9704391891891891
39 | 7.029546899533053 | 2.059440287120555 | 0.6646736422521176 | 0.07318203473413312 | 0.9759290540540541
40 | 6.898682502431607 | 1.7846459278017357 | 0.7404085700049826 | 0.09537513901454371 | 0.9664273648648649
41 | 7.029819471026779 | 1.4003573432750351 | 0.7543597409068261 | 0.09735527901431999 | 0.964527027027027
42 | 6.795594823469809 | 1.3250526599047727 | 0.752366716492277 | 0.09034306037466268 | 0.9670608108108109
43 | 6.417455279499019 | 1.6112284522538882 | 0.7389138016940707 | 0.08341298040908736 | 0.9719172297297297
44 | 6.896939719488861 | 1.5439638869347831 | 0.7414050822122571 | 0.0940714535882344 | 0.9641047297297297
45 | 6.828162674510151 | 1.5613671850077122 | 0.726457399103139 | 0.06586168293614646 | 0.9755067567567568
46 | 6.906108431859848 | 1.5843417893670124 | 0.7613353263577479 | 0.06343718718838047 | 0.9769847972972973
47 | 7.598868155698164 | 2.1340369946575306 | 0.6870951669157948 | 0.09420550030630988 | 0.9655827702702703
48 | 6.931853412488185 | 1.5922721793655144 | 0.7344294967613353 | 0.11606250904701851 | 0.956714527027027
49 | 6.465157902568852 | 1.348993877540136 | 0.7653213751868461 | 0.09228999122373156 | 0.9641047297297297
50 | 6.889375091692723 | 1.5524015462273797 | 0.7399103139013453 | 0.08916945705139959 | 0.964527027027027
51 | 6.738311268867703 | 1.935665596256104 | 0.7224713502740409 | 0.09099569141462042 | 0.965793918918919
52 | 6.837595773399423 | 1.5397053251945978 | 0.7573492775286498 | 0.11849605171261607 | 0.9543918918918919
53 | 6.6713654141907295 | 1.2685408074581392 | 0.7752864972595914 | 0.08601143714543935 | 0.9660050675675675
54 | 7.092200970430986 | 2.1066751184900663 | 0.6716492277030394 | 0.09345155964429314 | 0.9626266891891891
55 | 6.924874156986902 | 1.9200428986822602 | 0.7010463378176383 | 0.09724235373574334 | 0.9636824324324325
56 | 6.4947609988921275 | 2.2336512467251763 | 0.6766317887394121 | 0.10534765722381102 | 0.9607263513513513
57 | 7.094976223936868 | 1.5953369883084452 | 0.7244643746885899 | 0.08591639159901722 | 0.9660050675675675
58 | 7.041951078887379 | 1.2137867394643573 | 0.7752864972595914 | 0.08741878828889615 | 0.9664273648648649
59 | 6.662562733396478 | 1.9028645038129561 | 0.7100149476831091 | 0.07926088621890223 | 0.9742398648648649
60 | 6.926934959691599 | 1.9403090277416646 | 0.6741405082212257 | 0.08904308574022474 | 0.96875
61 | 6.716941606014147 | 2.3119802737509247 | 0.6312904833084205 | 0.08692061286923047 | 0.9662162162162162
62 | 6.797463364557388 | 1.5060482894121026 | 0.7369207772795217 | 0.05643225428522439 | 0.9790962837837838
63 | 7.1880872665195295 | 1.3242582189662575 | 0.7693074240159442 | 0.07374493732444339 | 0.972972972972973
64 | 6.522725831478014 | 2.7628238571777115 | 0.6193323368211261 | 0.07392132800777217 | 0.9708614864864865
65 | 6.979912237289849 | 1.7593326619387741 | 0.7294469357249627 | 0.06431311298463796 | 0.9771959459459459
66 | 7.011486425312287 | 1.4862179721714432 | 0.7623318385650224 | 0.08338931499904878 | 0.9708614864864865
67 | 6.97663950263907 | 1.5896071970730083 | 0.7419033383158944 | 0.07602273959767174 | 0.9704391891891891
68 | 7.194475663911312 | 1.6876565253015887 | 0.71350274040857 | 0.0719909679547355 | 0.973606418918919
69 | 7.396212114106625 | 2.1371803608591664 | 0.6875934230194319 | 0.08067490205772825 | 0.9704391891891891
70 | 6.902022383628635 | 2.2836434409935555 | 0.6905829596412556 | 0.08664974444419951 | 0.9672719594594594
71 | 6.854123399891985 | 1.9222476454474882 | 0.7229696063776782 | 0.07469579597582689 | 0.9721283783783784
72 | 6.897780816489403 | 2.0491290939466005 | 0.7244643746885899 | 0.05767841828433243 | 0.9780405405405406
73 | 7.146142303396802 | 2.1717901200753986 | 0.6870951669157948 | 0.058519232187520816 | 0.9774070945945946
74 | 7.131950238429078 | 2.548019851388537 | 0.6352765321375187 | 0.05321802825641793 | 0.9803631756756757
75 | 7.672482792390596 | 1.848246414505788 | 0.7379172894867962 | 0.06919263514715272 | 0.9740287162162162
76 | 7.754248942803899 | 1.8900920211466974 | 0.6865969108121575 | 0.07561572774539928 | 0.9731841216216216
77 | 7.612594674486632 | 2.718391826631539 | 0.6312904833084205 | 0.06640164073355295 | 0.9769847972972973
78 | 7.732884971373672 | 1.7075805430633249 | 0.7080219232685601 | 0.0898054283414338 | 0.964527027027027
79 | 7.265587539847838 | 2.203605173177011 | 0.6781265570503239 | 0.0734823381377233 | 0.971706081081081
80 | 6.935340789479947 | 2.0073520563464884 | 0.7030393622321873 | 0.07648960596604927 | 0.9727618243243243
81 | 7.055476372395087 | 2.021803907571174 | 0.726457399103139 | 0.06736716844544217 | 0.9738175675675675
82 | 6.960400082649441 | 2.84615146858394 | 0.6218236173393124 | 0.05991203076130635 | 0.9769847972972973
83 | 7.5217852548721735 | 3.148891306066014 | 0.5994020926756353 | 0.05082391403816842 | 0.9812077702702703
84 | 7.5023150400284235 | 2.8346370070742086 | 0.6557050323866468 | 0.06370120908360223 | 0.9769847972972973
85 | 7.451974028841071 | 3.180740060649467 | 0.5894369706028899 | 0.06803913550401056 | 0.9771959459459459
86 | 7.416528601165211 | 2.8825366107397077 | 0.6606875934230194 | 0.07009884720114437 | 0.973606418918919
87 | 7.629147748334693 | 3.756186862816309 | 0.5739910313901345 | 0.07612756579308896 | 0.9733952702702703
88 | 7.431836150108127 | 4.4097080677376495 | 0.5510712506228201 | 0.07975827635744133 | 0.9693834459459459
89 | 7.722098123042955 | 4.450580198609181 | 0.5620328849028401 | 0.0802210065964106 | 0.9706503378378378
90 | 8.019412771277471 | 3.3011094070989575 | 0.6063776781265571 | 0.057715534559778264 | 0.9782516891891891
91 | 7.773188385394735 | 2.553563658966612 | 0.6666666666666666 | 0.0702703203502539 | 0.9746621621621622
92 | 7.331810964356869 | 2.9838677836581136 | 0.6557050323866468 | 0.05581222197695358 | 0.9790962837837838
93 | 8.012326931734698 | 3.2163677424652755 | 0.6307922272047832 | 0.0572055503222588 | 0.9776182432432432
94 | 8.406289140018847 | 3.7519419878706386 | 0.591429995017439 | 0.04568233192470428 | 0.9822635135135135
95 | 8.392384594733562 | 4.383077432578276 | 0.5889387144992526 | 0.06831776479108108 | 0.9748733108108109
96 | 8.57440298412918 | 2.899519175395006 | 0.6676631788739412 | 0.05549746761853631 | 0.980152027027027
97 | 8.33709288080898 | 3.7164887845011334 | 0.6223218734429496 | 0.050622843583492005 | 0.9805743243243243
98 | 8.386337232152256 | 4.070308907565396 | 0.6013951170901843 | 0.07551135429860772 | 0.9727618243243243
99 | 8.220604078485332 | 4.365706107957362 | 0.5839561534628799 | 0.06343951519276644 | 0.9733952702702703
100 | 7.6815333235154455 | 3.380171741011372 | 0.5939212755356253 | 0.07441462460603263 | 0.972339527027027
101 | 7.972836844418027 | 3.7398956745016556 | 0.5959142999501744 | 0.0731450465784685 | 0.9742398648648649
102 | 8.337610384739866 | 4.667148825299045 | 0.5366218236173393 | 0.08286837986796289 | 0.9706503378378378
103 | 7.266553769417859 | 4.57862224184463 | 0.5391131041355257 | 0.0671695232693408 | 0.9750844594594594
104 | 8.042552523656722 | 3.6351703514076315 | 0.598903836571998 | 0.06356025351261771 | 0.9784628378378378
105 | 7.928418911925149 | 4.061723298556067 | 0.57847533632287 | 0.06549726698446919 | 0.9757179054054054
106 | 8.275770966066133 | 4.61816681969742 | 0.5306427503736921 | 0.06962103044261804 | 0.9763513513513513
107 | 8.175875103801761 | 4.969089911479408 | 0.5356253114100648 | 0.05813845614525112 | 0.9797297297297297
108 | 8.369745853844039 | 5.36663111941875 | 0.5351270553064275 | 0.07029521062567427 | 0.9759290540540541
109 | 8.266652776560653 | 4.9104935351924395 | 0.5186846038863976 | 0.06340099186510653 | 0.9774070945945946
110 | 8.131187281477342 | 5.370720972869903 | 0.5171898355754858 | 0.0601734342808659 | 0.9765625
111 | 8.363713566316378 | 4.632139508024519 | 0.5296462381664175 | 0.07546413040443047 | 0.9738175675675675
112 | 8.056254645006373 | 4.7293514051898295 | 0.5356253114100648 | 0.072336547731145 | 0.9742398648648649
113 | 8.02974308958841 | 5.635105574255745 | 0.48480318883906326 | 0.06205980756596939 | 0.9778293918918919
114 | 8.265165980802763 | 5.578033404618754 | 0.47832585949177875 | 0.04517401442737193 | 0.9826858108108109
115 | 8.70834874231881 | 6.490655983628832 | 0.43298455406078723 | 0.06399737781769521 | 0.9759290540540541
116 | 8.323107010727629 | 4.867601299380923 | 0.4927752864972596 | 0.06469350831734168 | 0.9784628378378378
117 | 8.213861758555842 | 4.405156508570711 | 0.5291479820627802 | 0.051542968967476406 | 0.9820523648648649
118 | 8.895237152729559 | 4.40524749561038 | 0.5271549576482312 | 0.047291038973206606 | 0.9835304054054054
119 | 8.07225522645023 | 5.033336378296157 | 0.5196811160936722 | 0.05103428249020834 | 0.9833192567567568
120 | 8.586304822099319 | 4.4619586706517875 | 0.5351270553064275 | 0.056043758912867794 | 0.980785472972973
121 | 8.267795247769136 | 4.14140867082171 | 0.5500747384155455 | 0.04928692314471748 | 0.9816300675675675
122 | 9.061213939561757 | 3.7442799163327978 | 0.5844544095665172 | 0.05150514576785468 | 0.9828969594594594
123 | 8.955508302111145 | 3.04430889204241 | 0.6287992027902342 | 0.04904838450051643 | 0.9809966216216216
124 | 8.527467071463208 | 2.8889190411769636 | 0.6382660687593423 | 0.054758237070731214 | 0.980152027027027
125 | 9.097939167547663 | 3.5137810925672346 | 0.600896860986547 | 0.04576497940296257 | 0.9837415540540541
126 | 8.812731830351943 | 3.0352049683479154 | 0.6228201295465869 | 0.05561212795106946 | 0.9786739864864865
127 | 8.53563719933186 | 4.130890959343865 | 0.5680119581464873 | 0.0502068769639811 | 0.9784628378378378
128 | 9.09993611781969 | 3.129699565785764 | 0.6113602391629297 | 0.042914839109053485 | 0.9837415540540541
129 | 8.827147623814573 | 3.7065174283824516 | 0.5869456900847035 | 0.06421816379234598 | 0.9752956081081081
130 | 9.002691111433396 | 3.5011931609679765 | 0.5909317389138017 | 0.05691728680520444 | 0.9782516891891891
131 | 9.360944467947023 | 4.242016681344223 | 0.5480817140009965 | 0.039895812653609225 | 0.984375
132 | 9.517806766230033 | 3.482078599169531 | 0.5869456900847035 | 0.048315804854438114 | 0.9822635135135135
133 | 9.010989674734413 | 3.286235359217554 | 0.6193323368211261 | 0.04644891060888767 | 0.9835304054054054
134 | 9.694845606427673 | 3.4161011929172274 | 0.6063776781265571 | 0.05626464842793506 | 0.9797297297297297
135 | 9.44195700566703 | 3.3480512309442663 | 0.6083707025411061 | 0.043332434762772674 | 0.9856418918918919
136 | 10.167815558407284 | 2.6862641629379187 | 0.6492277030393623 | 0.05047570785658585 | 0.9809966216216216
137 | 9.065429967477781 | 2.554582621247007 | 0.6736422521175884 | 0.06140467610109497 | 0.9767736486486487
138 | 9.210577461697639 | 2.6699452570082243 | 0.648729446935725 | 0.05662076648425411 | 0.9790962837837838
139 | 9.562252460269754 | 2.9913389253925198 | 0.6352765321375187 | 0.0496486141975667 | 0.9803631756756757
140 | 9.251521136782586 | 2.785121242947761 | 0.6601893373193821 | 0.07328770828206797 | 0.9731841216216216
141 | 8.806498746259496 | 2.354989521765982 | 0.6841056302939711 | 0.04955231438617449 | 0.980152027027027
142 | 9.42608918181253 | 2.8005923363600553 | 0.6591928251121076 | 0.03776835547005002 | 0.9871199324324325
143 | 9.252612385181113 | 3.1438346838677886 | 0.643248629795715 | 0.04946358596931237 | 0.9826858108108109
144 | 9.20942520439078 | 3.0390176640022557 | 0.6347782760338814 | 0.0522213623280058 | 0.980785472972973
145 | 9.427691166554022 | 3.7938904670797062 | 0.593423019431988 | 0.041834545447616965 | 0.9839527027027027
146 | 9.423945496935364 | 3.463669652183316 | 0.6018933731938216 | 0.04303655494004488 | 0.9833192567567568
147 | 9.552771647042091 | 3.2756798660571027 | 0.6053811659192825 | 0.042427318120324936 | 0.9837415540540541
148 | 9.50467150364447 | 4.113776833962373 | 0.5789735924265073 | 0.04622285658292271 | 0.9856418918918919
149 | 9.929732506428289 | 3.8498690367695345 | 0.5540607872446437 | 0.03964131939652804 | 0.9858530405405406
150 | 10.060512039639534 | 4.664255709213348 | 0.5396113602391629 | 0.03356302053843801 | 0.9881756756756757
151 | 10.19201024081729 | 4.971296955117196 | 0.5236671649227703 | 0.030705716058209136 | 0.9898648648648649
152 | 9.975302403126287 | 5.049507615099395 | 0.5381165919282511 | 0.0530135266709368 | 0.9824746621621622
153 | 9.591791201075283 | 4.024590585145062 | 0.5505729945191828 | 0.047363577913996334 | 0.9820523648648649
154 | 8.964435922990152 | 5.07967492437624 | 0.5346287992027903 | 0.06352270738146193 | 0.9771959459459459
155 | 9.139834364619825 | 4.2640922850022935 | 0.560039860488291 | 0.04124330686455643 | 0.9854307432432432
156 | 9.70712194530242 | 4.283396836709905 | 0.5680119581464873 | 0.04605548658936813 | 0.9812077702702703
157 | 9.73315463809792 | 4.600182607747692 | 0.5650224215246636 | 0.036895206261023474 | 0.9866976351351351
158 | 9.749086301261132 | 4.041663142538332 | 0.5869456900847035 | 0.04767571812545931 | 0.9820523648648649
159 | 9.424165270744114 | 3.9375179733396113 | 0.5984055804683608 | 0.042895865500778764 | 0.9839527027027027
160 | 10.35325901223979 | 2.8757453115650478 | 0.658196312904833 | 0.04216477368026972 | 0.9866976351351351
161 | 10.410041782834114 | 2.816164469445708 | 0.6761335326357748 | 0.0408149514523511 | 0.9850084459459459
162 | 10.405252089194201 | 3.204908287341047 | 0.6626806178375685 | 0.04428516726034719 | 0.9841638513513513
163 | 10.016381653077012 | 2.656058147289768 | 0.6985550572994519 | 0.043540206083373445 | 0.9856418918918919
164 | 10.354000109051345 | 2.6415563177337797 | 0.6736422521175884 | 0.047600846523670734 | 0.9854307432432432
165 | 10.33394970150169 | 2.347753763080059 | 0.6980568011958147 | 0.04743285008983032 | 0.9824746621621622
166 | 10.350709906411828 | 2.480226760963094 | 0.6995515695067265 | 0.04550657688161811 | 0.9828969594594594
167 | 10.497314400629167 | 2.877654855383173 | 0.658196312904833 | 0.04157021274236408 | 0.9847972972972973
168 | 9.718731766447014 | 3.010569582308592 | 0.6736422521175884 | 0.04296089557779802 | 0.9837415540540541
169 | 10.368710364770452 | 3.2408861498602244 | 0.6382660687593423 | 0.04780125576449004 | 0.9828969594594594
170 | 10.508604679632624 | 2.2570336640742386 | 0.7105132037867464 | 0.04530983622110373 | 0.9837415540540541
171 | 10.040921394978094 | 2.6283269226699546 | 0.6995515695067265 | 0.03900499546245949 | 0.9875422297297297
172 | 10.013514103145774 | 2.340862297037673 | 0.7144992526158446 | 0.04679817966865124 | 0.9850084459459459
173 | 9.746497267976814 | 2.3567868438477415 | 0.71350274040857 | 0.04771599611519156 | 0.9828969594594594
174 | 10.133012605369638 | 2.2882322015664918 | 0.7169905331340309 | 0.04306467534420458 | 0.9841638513513513
175 | 10.0810580909799 | 1.981962781256565 | 0.7294469357249627 | 0.042944191124390914 | 0.9850084459459459
176 | 10.480067025630847 | 2.1805226874696 | 0.7159940209267563 | 0.04194505266039758 | 0.9850084459459459
177 | 10.394046783447266 | 2.269543557483044 | 0.715495764823119 | 0.05969161859940033 | 0.9788851351351351
178 | 9.966668487688818 | 2.711105681499202 | 0.6965620328849028 | 0.04126586689538247 | 0.9845861486486487
179 | 10.029935841166646 | 2.5628373833158804 | 0.7095166915794718 | 0.05502650969837968 | 0.9797297297297297
180 | 9.92346467009378 | 2.3095052687754722 | 0.7339312406576981 | 0.04113744023079808 | 0.9858530405405406
181 | 9.513951314698666 | 2.006733474175492 | 0.7568510214250125 | 0.04588764858104893 | 0.9835304054054054
182 | 10.202785806918364 | 2.033453320649113 | 0.7628300946686597 | 0.030954026075935847 | 0.9890202702702703
183 | 10.219489071347297 | 1.8343503566066246 | 0.7772795216741405 | 0.03479310730472207 | 0.9869087837837838
184 | 10.496709946098678 | 1.8568630622403801 | 0.7683109118086696 | 0.04320031188025668 | 0.9828969594594594
185 | 9.613942837496417 | 2.2979301982218194 | 0.7334329845540608 | 0.044090345413801635 | 0.9835304054054054
186 | 10.13753258416412 | 2.2117087446639476 | 0.7204783258594918 | 0.04119077884919337 | 0.9847972972972973
187 | 9.88127217161546 | 3.0507672184667127 | 0.6711509715994021 | 0.028892899246735347 | 0.9888091216216216
188 | 10.869506529711803 | 2.6496353677451223 | 0.7120079720976582 | 0.0409699747766796 | 0.9845861486486487
189 | 10.320045829912939 | 2.77886411379865 | 0.6975585450921774 | 0.045975503562068615 | 0.9845861486486487
190 | 10.204909219654327 | 2.5512766825006445 | 0.7030393622321873 | 0.035953742074402606 | 0.9869087837837838
191 | 9.75276287323838 | 2.494934750125963 | 0.7100149476831091 | 0.044563068001455555 | 0.9847972972972973
192 | 10.272481568362736 | 2.4864700603200003 | 0.7219730941704036 | 0.03519506961409304 | 0.9862753378378378
193 | 10.527173357272368 | 2.0445358381380654 | 0.7538614848031888 | 0.052042772238318984 | 0.9805743243243243
194 | 9.749530066043958 | 2.291857753158744 | 0.7543597409068261 | 0.06436673370567528 | 0.9752956081081081
195 | 9.220877678022472 | 2.413588949858281 | 0.7384155455904334 | 0.04101523824942273 | 0.9854307432432432
196 | 9.441220506615595 | 2.4409250749185065 | 0.7244643746885899 | 0.03721202507212355 | 0.9875422297297297
197 | 10.130340348689929 | 2.139995118190117 | 0.7424015944195317 | 0.04437421539143936 | 0.9839527027027027
198 | 9.391385432777055 | 2.1061074069678396 | 0.7463876432486298 | 0.044477824033615554 | 0.9862753378378378
199 | 9.299083880328258 | 2.225244428010265 | 0.7483806676631789 | 0.03880120348185301 | 0.9869087837837838
200 | 9.757163572748867 | 2.1032175726123157 | 0.7304434479322371 | 0.033831960055977106 | 0.989231418918919
201 | 9.569431528038935 | 2.2703732884696426 | 0.7344294967613353 | 0.027109126403071993 | 0.9921875
202 | 10.13036974635693 | 2.348665166507031 | 0.7414050822122571 | 0.028456450112768122 | 0.9890202702702703
203 | 10.303878491077947 | 2.247081830600155 | 0.7284504235176881 | 0.030459803378058446 | 0.9888091216216216
204 | 10.114294454592084 | 2.622129878774471 | 0.7140009965122073 | 0.0464759263763758 | 0.9837415540540541
205 | 9.743087523574129 | 2.448284492601966 | 0.7214748380667663 | 0.04246087082837884 | 0.9841638513513513
206 | 10.071787177969556 | 2.4356461499066393 | 0.7105132037867464 | 0.02393894787324039 | 0.9919763513513513
207 | 10.68489465800994 | 2.509162441319236 | 0.71350274040857 | 0.03212624807162462 | 0.987964527027027
208 | 10.969243592078533 | 2.3436773660828 | 0.7164922770303936 | 0.03144040873676941 | 0.9877533783783784
209 | 10.99926336970898 | 2.0938962791235696 | 0.7364225211758844 | 0.038714785317613465 | 0.9854307432432432
210 | 9.97428461389804 | 2.31859547092835 | 0.7299451918285998 | 0.04230119148269296 | 0.9852195945945946
211 | 9.748898895508653 | 2.3447017665519962 | 0.7384155455904334 | 0.04155114654300583 | 0.9845861486486487
212 | 10.559591862039829 | 2.3839192341736553 | 0.7214748380667663 | 0.03155808957494997 | 0.987964527027027
213 | 10.048426164399594 | 2.2479123014921445 | 0.7219730941704036 | 0.03668499609606492 | 0.9866976351351351
214 | 10.476044851705568 | 2.022853324350339 | 0.7364225211758844 | 0.0314940437548668 | 0.9877533783783784
215 | 10.82759211478977 | 1.972578561597044 | 0.7244643746885899 | 0.030441515166564164 | 0.9909206081081081
216 | 10.547018427367604 | 2.107072993660068 | 0.7299451918285998 | 0.029979160238007032 | 0.987331081081081
217 | 10.974294058773495 | 1.8749160921627095 | 0.7389138016940707 | 0.02866792262254937 | 0.9900760135135135
218 | 11.069333295209692 | 2.1176991298178507 | 0.7478824115595416 | 0.028697574130460823 | 0.9907094594594594
219 | 11.730360643579326 | 1.7238514795788022 | 0.7334329845540608 | 0.02863473564109488 | 0.9890202702702703
220 | 10.707489136162154 | 2.1228902573364556 | 0.7339312406576981 | 0.04480164204849987 | 0.9850084459459459
221 | 10.717486670257848 | 1.7943839284396017 | 0.763328350772297 | 0.033799210261251475 | 0.9869087837837838
222 | 10.752632342347312 | 2.029053069580593 | 0.7543597409068261 | 0.0264044583687005 | 0.9915540540540541
223 | 11.45518289793522 | 1.9362821086580384 | 0.7613353263577479 | 0.035441818974308065 | 0.9881756756756757
224 | 10.703388984050227 | 2.331804796838024 | 0.7473841554559043 | 0.05215843766927719 | 0.9812077702702703
225 | 10.300963095568736 | 2.0494549200198633 | 0.759840558046836 | 0.05023870083528596 | 0.9820523648648649
226 | 9.698847075121119 | 2.6113457080435265 | 0.71350274040857 | 0.03453237509254266 | 0.987964527027027
227 | 10.486610425721615 | 2.1100607455281635 | 0.7473841554559043 | 0.05727541471856672 | 0.9788851351351351
228 | 9.715808872782857 | 1.7314073556266618 | 0.7757847533632287 | 0.04603308477011081 | 0.9854307432432432
229 | 9.78640613205936 | 1.761858913217781 | 0.7658196312904834 | 0.03279394364437541 | 0.9890202702702703
230 | 10.55353556641745 | 2.081170177127095 | 0.7478824115595416 | 0.025999766887744535 | 0.9913429054054054
231 | 10.727653853390194 | 2.196911805532557 | 0.7299451918285998 | 0.040386797709239496 | 0.9862753378378378
232 | 10.765757289501504 | 2.198031660093261 | 0.7244643746885899 | 0.028630088549107313 | 0.9904983108108109
233 | 10.8576664793382 | 2.3193735848271437 | 0.7324364723467862 | 0.030636697126602806 | 0.9877533783783784
234 | 10.53945809110589 | 2.459350592233556 | 0.6990533134030892 | 0.04379473953835062 | 0.9833192567567568
235 | 10.779287364504754 | 2.140205595762978 | 0.7389138016940707 | 0.04102234367432224 | 0.9864864864864865
236 | 10.668148521983296 | 2.144875443272764 | 0.7364225211758844 | 0.039755017169424006 | 0.9866976351351351
237 | 10.614160485223893 | 2.3328409210389447 | 0.7080219232685601 | 0.04270222946699407 | 0.9852195945945946
238 | 11.124531649668283 | 2.2388158736088766 | 0.7164922770303936 | 0.03721877117011998 | 0.9856418918918919
239 | 11.417388408555897 | 2.1249778206869925 | 0.7289486796213254 | 0.04936172604258802 | 0.9833192567567568
240 | 10.017839694241864 | 3.0747108941774317 | 0.6796213253612357 | 0.03973588571455833 | 0.9837415540540541
241 | 10.546508456588885 | 2.4798705786926925 | 0.7140009965122073 | 0.03438505957003783 | 0.9871199324324325
242 | 11.021493763004967 | 2.448249098906543 | 0.7070254110612855 | 0.045764285920036805 | 0.9831081081081081
243 | 10.559888830972374 | 2.0402952746841287 | 0.7234678624813154 | 0.035708750900183175 | 0.9877533783783784
244 | 10.758241198478489 | 1.7931510966157937 | 0.7309417040358744 | 0.025498164742178208 | 0.9904983108108109
245 | 11.4638930241996 | 1.769729571403053 | 0.7354260089686099 | 0.033022831382884366 | 0.9888091216216216
246 | 10.71405905102371 | 1.901478311584313 | 0.7404085700049826 | 0.029640352441551717 | 0.9904983108108109
247 | 10.60936613257872 | 1.7191706671308509 | 0.7703039362232187 | 0.03586084453540074 | 0.9858530405405406
248 | 11.622743352837519 | 1.9183512392124846 | 0.7453911310413552 | 0.025692275171545712 | 0.9904983108108109
249 | 11.72095636490288 | 1.9686932722965045 | 0.7513702042850025 | 0.024200801473312283 | 0.9921875
250 | 11.841606070142273 | 1.8777994547664794 | 0.7588440458395616 | 0.0238168285813535 | 0.9913429054054054
251 | 11.818218196203949 | 1.7127649447308528 | 0.7713004484304933 | 0.05504651620631685 | 0.9803631756756757
252 | 10.103458815758382 | 1.948655017347673 | 0.7628300946686597 | 0.052673223352915535 | 0.9822635135135135
253 | 10.065220189750741 | 1.5513066616471751 | 0.7792725460886896 | 0.04907884476454677 | 0.9820523648648649
254 | 9.421604987678178 | 1.9054723078775715 | 0.7693074240159442 | 0.04334322309020806 | 0.9850084459459459
255 | 9.773953634664553 | 1.9905895907069893 | 0.7553562531141006 | 0.03456718779194194 | 0.987331081081081
256 | 10.458268209334907 | 1.968631040176825 | 0.7613353263577479 | 0.022338462263547087 | 0.9930320945945946
257 | 10.843727715518497 | 1.797339382133617 | 0.7548579970104634 | 0.020713811526326713 | 0.9926097972972973
258 | 11.6917220211904 | 2.01430365382348 | 0.7463876432486298 | 0.032559184219084075 | 0.9864864864864865
259 | 11.09820421901318 | 1.888094669500274 | 0.7717987045341306 | 0.041941962034970116 | 0.9860641891891891
260 | 10.667283771234915 | 1.5753441983690057 | 0.7937219730941704 | 0.04930072000904663 | 0.9818412162162162
261 | 10.587648995425724 | 1.7103458385474657 | 0.7817638266068759 | 0.03723069279127427 | 0.9875422297297297
262 | 10.322706292528625 | 1.9386816950181733 | 0.7757847533632287 | 0.04866416145720192 | 0.9822635135135135
263 | 10.4065829460774 | 1.8899597316223054 | 0.7897359242650722 | 0.03198906828372462 | 0.988597972972973
264 | 10.048869771694918 | 2.0094574792621502 | 0.7872446437468859 | 0.03437731309315643 | 0.9888091216216216
265 | 10.599436523717477 | 2.0134903823907657 | 0.7877428998505231 | 0.027037371252034162 | 0.9915540540540541
266 | 10.6679896345926 | 2.2245952845451304 | 0.7717987045341306 | 0.025816203799803514 | 0.9915540540540541
267 | 11.249645521881384 | 2.274922777986313 | 0.7648231190832088 | 0.019882301227315456 | 0.9930320945945946
268 | 11.445487678597827 | 2.364920258700224 | 0.7528649725959143 | 0.027281500738919585 | 0.989231418918919
269 | 11.321025402174083 | 2.2393676467837538 | 0.7543597409068261 | 0.03762043809920952 | 0.987331081081081
270 | 10.72702546950874 | 2.0644976930589776 | 0.7653213751868461 | 0.027408628762271757 | 0.9911317567567568
271 | 11.011268431987238 | 2.062547652354333 | 0.7732934728450424 | 0.0215668957428755 | 0.9934543918918919
272 | 11.019156438495042 | 2.222241584376785 | 0.7643248629795715 | 0.028912453798929583 | 0.9904983108108109
273 | 11.352721091804154 | 2.2853949872426984 | 0.759840558046836 | 0.021978738831003774 | 0.9926097972972973
274 | 11.670166006875695 | 2.3648863760582772 | 0.7658196312904834 | 0.022642473929335136 | 0.9911317567567568
275 | 11.399910611843843 | 2.563287240685547 | 0.7548579970104634 | 0.03708142090928615 | 0.9866976351351351
276 | 10.785331962305472 | 2.5367153494525563 | 0.7409068261086198 | 0.04917553500146479 | 0.9828969594594594
277 | 10.267134561451202 | 2.2972967371634128 | 0.7568510214250125 | 0.04509294629600402 | 0.9831081081081081
278 | 10.534118039892354 | 2.365236882968631 | 0.7359242650722472 | 0.03366145370150539 | 0.9877533783783784
279 | 10.714172748250698 | 2.002170193177524 | 0.7668161434977578 | 0.042732484512836545 | 0.9856418918918919
280 | 10.27844346335175 | 2.011676673575545 | 0.7703039362232187 | 0.030034901435814193 | 0.9902871621621622
281 | 10.413534238797808 | 2.0715889290428064 | 0.7732934728450424 | 0.03305403875640115 | 0.9860641891891891
282 | 10.522592623299415 | 2.2561941588762453 | 0.7618335824613851 | 0.02806135343790457 | 0.9902871621621622
283 | 10.946596469354192 | 1.884472406914297 | 0.7732934728450424 | 0.029907842034574698 | 0.9898648648648649
284 | 10.879964137296064 | 2.208281875428835 | 0.7573492775286498 | 0.030994807294494397 | 0.9894425675675675
285 | 11.218605688952525 | 2.0424094782816455 | 0.737419033383159 | 0.04672012635431177 | 0.9837415540540541
286 | 10.61181281903468 | 2.345760628306337 | 0.7309417040358744 | 0.0358033995395778 | 0.9875422297297297
287 | 10.819128403969861 | 2.598774175829239 | 0.7075236671649228 | 0.025772863608860486 | 0.9896537162162162
288 | 11.802675649660443 | 2.4381580464449106 | 0.7334329845540608 | 0.030817120411508792 | 0.9898648648648649
289 | 11.190338580980214 | 2.738548317178898 | 0.7364225211758844 | 0.027971263194607722 | 0.9915540540540541
290 | 11.348584708817508 | 2.6299580000025395 | 0.7184853014449427 | 0.020043320242768607 | 0.9936655405405406
291 | 11.25563205054047 | 2.722486792005112 | 0.7294469357249627 | 0.03004571723726553 | 0.9902871621621622
292 | 11.258742778673085 | 2.529605258206081 | 0.7389138016940707 | 0.03166050267582004 | 0.9894425675675675
293 | 11.347061419705732 | 2.6636111096000574 | 0.726457399103139 | 0.04364195893946532 | 0.9841638513513513
294 | 10.659452937064914 | 2.1815305493872263 | 0.7513702042850025 | 0.05352297722286469 | 0.980152027027027
295 | 10.392910974835036 | 2.656321144246556 | 0.731938216243149 | 0.04092269017033883 | 0.9858530405405406
296 | 10.409668738688898 | 2.39076898664637 | 0.7419033383158944 | 0.03047975736695367 | 0.9896537162162162
297 | 10.980876852612976 | 2.3444991085620797 | 0.752366716492277 | 0.029441689782952134 | 0.9913429054054054
298 | 10.765772530791956 | 2.6241105486043486 | 0.7458893871449925 | 0.030110661494168075 | 0.9894425675675675
299 | 11.276937694724547 | 2.414851858179903 | 0.7443946188340808 | 0.031243229247126227 | 0.9890202702702703
300 | 11.208964417833801 | 2.456096969674818 | 0.7324364723467862 | 0.03038425141995823 | 0.989231418918919
301 | 10.945567551009152 | 2.808819054369316 | 0.7239661185849526 | 0.02946837864992385 | 0.989231418918919
302 | 11.554155148497415 | 2.527637729017546 | 0.7159940209267563 | 0.025346108636743313 | 0.9904983108108109
303 | 11.674093080223154 | 2.6083915772934607 | 0.7204783258594918 | 0.03577578809061969 | 0.9875422297297297
304 | 11.450327610750811 | 2.0027230895450594 | 0.7628300946686597 | 0.04699973779654986 | 0.9841638513513513
305 | 10.560607980150696 | 2.8925048391440047 | 0.7115097159940209 | 0.03775633326605768 | 0.9854307432432432
306 | 11.002072413033302 | 2.4887276858789265 | 0.7324364723467862 | 0.029518331766027858 | 0.9898648648648649
307 | 11.180873643367663 | 3.2787984016230287 | 0.693074240159442 | 0.03709575789351318 | 0.9869087837837838
308 | 10.747198271095206 | 3.0586301942458483 | 0.6905829596412556 | 0.03339973721351173 | 0.989231418918919
309 | 10.491577463412504 | 2.84234617144894 | 0.7105132037867464 | 0.030751245700427005 | 0.9890202702702703
310 | 11.02621459086007 | 2.8109647978819243 | 0.7110114598903836 | 0.030900602329623054 | 0.9888091216216216
311 | 10.901555297571585 | 2.7963045651365053 | 0.7130044843049327 | 0.0269971308298409 | 0.9902871621621622
312 | 11.577798572155313 | 2.6486414568187824 | 0.7249626307922272 | 0.03356326830799918 | 0.9875422297297297
313 | 10.805748370809292 | 2.5840145237242695 | 0.7204783258594918 | 0.030480206415459916 | 0.9909206081081081
314 | 11.41463545703013 | 2.246215149366743 | 0.7478824115595416 | 0.022540548520565435 | 0.9923986486486487
315 | 11.244690046397919 | 2.664654840387155 | 0.7149975087194819 | 0.02396258103308847 | 0.9913429054054054
316 | 11.467491919841242 | 2.7535386343886143 | 0.700548081714001 | 0.028700106697018585 | 0.9904983108108109
317 | 11.639216641767309 | 3.0736721812876886 | 0.7035376183358246 | 0.01900953528269924 | 0.9936655405405406
318 | 11.703031146198239 | 2.620546303403633 | 0.7010463378176383 | 0.03944282214836897 | 0.9860641891891891
319 | 11.405921769798349 | 2.672492003048838 | 0.7169905331340309 | 0.035155728232820295 | 0.9871199324324325
320 | 11.781905611720655 | 2.9310437101716715 | 0.6761335326357748 | 0.01969501798393557 | 0.9930320945945946
321 | 12.4133223437388 | 3.026392491230872 | 0.6532137518684604 | 0.01515390192523498 | 0.9934543918918919
322 | 12.219523753594915 | 2.9405054917784548 | 0.6591928251121076 | 0.02799844285913718 | 0.9890202702702703
323 | 11.919945156902347 | 2.4819794088438725 | 0.6935724962630793 | 0.03752484274524692 | 0.9856418918918919
324 | 11.780733366625025 | 2.292270355101064 | 0.7219730941704036 | 0.037060343521974376 | 0.987964527027027
325 | 12.394030903457502 | 2.165483791434949 | 0.7229696063776782 | 0.03592930405048301 | 0.987331081081081
326 | 11.599807275544613 | 2.5493782730796295 | 0.6970602889885401 | 0.032143304728575656 | 0.987964527027027
327 | 12.459043774036093 | 3.3169491729394203 | 0.6462381664175386 | 0.03250622732338269 | 0.9871199324324325
328 | 11.159913675500713 | 3.5019039189453203 | 0.6372695565520677 | 0.04141988315795724 | 0.9847972972972973
329 | 10.478141005979765 | 2.4022082383203816 | 0.7169905331340309 | 0.044328942190150954 | 0.984375
330 | 11.691953081603444 | 2.0844040118941156 | 0.7279521674140508 | 0.042536924014220365 | 0.9835304054054054
331 | 10.831136012296064 | 1.9676873211131265 | 0.7369207772795217 | 0.03770156896899681 | 0.9866976351351351
332 | 11.240449266696196 | 1.8483873621765274 | 0.7478824115595416 | 0.02990602488893814 | 0.9890202702702703
333 | 11.68294914490586 | 1.955382177944972 | 0.7493771798704534 | 0.03423185776164 | 0.9883868243243243
334 | 11.584753858933755 | 1.6351642353236526 | 0.757847533632287 | 0.03889540472143405 | 0.9862753378378378
335 | 10.579511126247022 | 1.8137602164012374 | 0.7463876432486298 | 0.034552374854683876 | 0.9883868243243243
336 | 11.296293801123943 | 1.4763817804989436 | 0.7603388141504733 | 0.025177376980364725 | 0.9911317567567568
337 | 11.091823280404467 | 1.2645598104122449 | 0.7902341803687095 | 0.024040313758509787 | 0.9934543918918919
338 | 11.591297560875569 | 1.5792640636795245 | 0.7737917289486796 | 0.020613715707047564 | 0.9932432432432432
339 | 12.564557757946329 | 1.5437161614779638 | 0.7777777777777778 | 0.025238316059364257 | 0.9913429054054054
340 | 11.462398345317316 | 1.4974030947055637 | 0.7942202291978077 | 0.031137375412760553 | 0.9909206081081081
341 | 11.748654977990947 | 1.2651234216576022 | 0.8086696562032885 | 0.04112265688820264 | 0.9854307432432432
342 | 10.884186350971188 | 1.3105483374223819 | 0.817140009965122 | 0.028630734836632334 | 0.9894425675675675
343 | 11.746333332236754 | 1.2630773667500395 | 0.817140009965122 | 0.024835464928450214 | 0.9898648648648649
344 | 12.041036220865513 | 1.3164913613640614 | 0.8146487294469357 | 0.024668358002059364 | 0.9923986486486487
345 | 12.157604585000135 | 1.402743740139996 | 0.8071748878923767 | 0.02455181905345337 | 0.9917652027027027
346 | 12.195534041168493 | 1.4194884225095037 | 0.8071748878923767 | 0.038781668009186115 | 0.9856418918918919
347 | 11.6692621686043 | 1.2862679303791253 | 0.8066766317887394 | 0.04445516041203125 | 0.9841638513513513
348 | 11.509052749073833 | 1.2573084720759826 | 0.817140009965122 | 0.021862189933607303 | 0.9913429054054054
349 | 12.353488694637194 | 1.1721061754639492 | 0.8261086198305929 | 0.022858349084099 | 0.9928209459459459
350 | 11.831429507754265 | 1.269773874225816 | 0.8191330343796711 | 0.021885744767968316 | 0.9919763513513513
351 | 12.39070472367313 | 1.1272070660823368 | 0.8196312904833084 | 0.020247687041331584 | 0.9932432432432432
352 | 12.263145035559978 | 1.1755239429406166 | 0.820627802690583 | 0.025188482498649408 | 0.9911317567567568
353 | 12.600093780307596 | 1.2839125634338586 | 0.8126557050323866 | 0.025974380821493025 | 0.9909206081081081
354 | 12.463124528937383 | 1.3852059010789355 | 0.8071748878923767 | 0.026153909860531222 | 0.9900760135135135
355 | 12.311950841081252 | 1.282574873631073 | 0.8121574489287494 | 0.04433006126861516 | 0.9854307432432432
356 | 11.522538115125183 | 1.4701815040241026 | 0.8141504733432985 | 0.04122030977285593 | 0.9856418918918919
357 | 12.296804944309619 | 1.4371895511529311 | 0.7962132536123567 | 0.043623317114857806 | 0.9835304054054054
358 | 11.171552946808141 | 1.173163396420025 | 0.8276033881415047 | 0.031054741728144722 | 0.9898648648648649
359 | 10.785001242926361 | 1.0728283246796286 | 0.8310911808669657 | 0.03085165288978936 | 0.9907094594594594
360 | 11.353322606567943 | 1.1544870926957256 | 0.8216243148978575 | 0.028456931329659513 | 0.9898648648648649
361 | 11.652683249307335 | 1.1323205926968318 | 0.8266068759342302 | 0.02252973711143273 | 0.9911317567567568
362 | 11.851721658619171 | 1.0884141427222092 | 0.8285999003487793 | 0.01730313881086437 | 0.9926097972972973
363 | 11.450156360591224 | 1.179884899179319 | 0.828101644245142 | 0.021012452106948035 | 0.9919763513513513
364 | 12.551140443994365 | 1.2439353897402876 | 0.8176382660687593 | 0.02438800778818896 | 0.9921875
365 | 11.601495217839512 | 1.1258726909081023 | 0.8310911808669657 | 0.03133641193444665 | 0.9883868243243243
366 | 11.494466497263778 | 1.3421254888006153 | 0.8141504733432985 | 0.040725408845606284 | 0.9871199324324325
367 | 10.993591011117358 | 1.1266919756387084 | 0.8246138515196811 | 0.030726335615523764 | 0.9894425675675675
368 | 11.47080209714557 | 1.0977758729211358 | 0.8261086198305929 | 0.029469661603404862 | 0.989231418918919
369 | 11.566543036644612 | 1.0544735623879045 | 0.8579970104633782 | 0.026407903941297852 | 0.9907094594594594
370 | 12.220828065084754 | 1.0873338355314808 | 0.8415545590433483 | 0.036890583194641245 | 0.9871199324324325
371 | 11.509202948404015 | 1.2149245595243003 | 0.8385650224215246 | 0.03263433635033466 | 0.9869087837837838
372 | 12.001189765580204 | 1.1723197077897038 | 0.8290981564524166 | 0.0344794942569491 | 0.9883868243243243
373 | 11.550861901099529 | 1.0922418168129229 | 0.8435475834578974 | 0.02456332098793339 | 0.9898648648648649
374 | 12.300229168813162 | 1.0486905280933132 | 0.84853014449427 | 0.024156125142817963 | 0.9917652027027027
375 | 11.675807769145441 | 1.2006193480208909 | 0.8231190832087693 | 0.03746284219763569 | 0.9866976351351351
376 | 11.480372472640571 | 1.1207240907392753 | 0.8315894369706028 | 0.02787732458799272 | 0.9900760135135135
377 | 11.403096907729402 | 1.1178651256055219 | 0.8405580468360737 | 0.02446810666446549 | 0.9923986486486487
378 | 11.65394510041683 | 0.9799147844314575 | 0.8460388639760837 | 0.02977363031508552 | 0.9907094594594594
379 | 12.115245101648734 | 1.0145399389750458 | 0.84853014449427 | 0.025495710795292177 | 0.9913429054054054
380 | 12.544789148033212 | 0.9382417449828815 | 0.8515196811160937 | 0.01846977154648787 | 0.9919763513513513
381 | 12.357653355379718 | 0.9537602278446166 | 0.8555057299451918 | 0.026317278527327487 | 0.9907094594594594
382 | 12.411861069705509 | 0.9711950575467895 | 0.8545092177379173 | 0.024604650635926706 | 0.9915540540540541
383 | 12.237591857210212 | 0.9297964828312546 | 0.8455406078724464 | 0.02682010256181899 | 0.9904983108108109
384 | 11.8593638621339 | 1.1192037743243877 | 0.8310911808669657 | 0.029006152835397703 | 0.9904983108108109
385 | 12.37912908606573 | 1.2789762926505583 | 0.8166417538614849 | 0.026571232872713055 | 0.9904983108108109
386 | 12.008603428481916 | 1.1460459515949832 | 0.8305929247633284 | 0.023275762626498536 | 0.9915540540540541
387 | 12.064676573517126 | 1.1220952844702907 | 0.8146487294469357 | 0.023637157559671718 | 0.9919763513513513
388 | 11.628277061182425 | 1.1368608833190867 | 0.8196312904833084 | 0.021356842710284162 | 0.9934543918918919
389 | 12.366754829336744 | 1.3375473098488786 | 0.7797708021923269 | 0.024226713403304283 | 0.9913429054054054
390 | 11.697008010444291 | 1.2040961950527356 | 0.8136522172396612 | 0.03341231178618162 | 0.988597972972973
391 | 11.380645244493397 | 1.3706644613706003 | 0.802192326856004 | 0.034494285685689866 | 0.9883868243243243
392 | 11.239655520937859 | 1.5229577736053885 | 0.7862481315396114 | 0.025666909528317284 | 0.9900760135135135
393 | 11.904711443349855 | 1.5217095047428528 | 0.7822620827105132 | 0.018464494515462098 | 0.9936655405405406
394 | 12.418711688540398 | 1.18736759673082 | 0.815146985550573 | 0.02661277315063352 | 0.9900760135135135
395 | 11.331455055726778 | 1.2638938584669823 | 0.8026905829596412 | 0.015048340025886491 | 0.9953547297297297
396 | 12.199459872114549 | 1.1911173611656611 | 0.8106626806178375 | 0.025845373666064965 | 0.9898648648648649
397 | 11.978380194497765 | 1.3150543110490618 | 0.8031888390632785 | 0.02657254374699315 | 0.9900760135135135
398 | 12.270809637297184 | 1.2966588685687168 | 0.7977080219232685 | 0.022171288382614385 | 0.9917652027027027
399 | 12.47281756969767 | 1.2545421791124178 | 0.8036870951669158 | 0.02882221295196261 | 0.9913429054054054
400 | 12.288290417522465 | 1.3632002992302135 | 0.8016940707523668 | 0.015439561316491785 | 0.9945101351351351
401 | 12.730180180400883 | 1.5243733348570834 | 0.7797708021923269 | 0.020072372151991806 | 0.9930320945945946
402 | 13.049216760407894 | 1.6972755360615213 | 0.7668161434977578 | 0.023012499159793497 | 0.9928209459459459
403 | 12.453840920684534 | 2.2060915338618874 | 0.7284504235176881 | 0.03287977114873561 | 0.9881756756756757
404 | 12.353196826549844 | 2.018062868579205 | 0.7329347284504235 | 0.023058601560675213 | 0.9923986486486487
405 | 12.444519996643066 | 2.176214664684461 | 0.7309417040358744 | 0.01945367201256591 | 0.9926097972972973
406 | 12.926994507465887 | 2.9220115834346863 | 0.6776283009466866 | 0.018330504715039924 | 0.9945101351351351
407 | 12.747801614463876 | 2.250936858619572 | 0.7209765819631291 | 0.03326481766998768 | 0.9890202702702703
408 | 12.111258043061703 | 2.2826039837436647 | 0.7224713502740409 | 0.02796099747128382 | 0.9909206081081081
409 | 12.002712433491277 | 2.127877140377788 | 0.7329347284504235 | 0.02470794874495147 | 0.9902871621621622
410 | 12.254996999688105 | 1.8363830189118056 | 0.7354260089686099 | 0.025072817118032963 | 0.9902871621621622
411 | 11.87814229562742 | 2.014703825212677 | 0.7194818136522172 | 0.026654715706418093 | 0.9904983108108109
412 | 12.684055625845533 | 2.0475511320443904 | 0.737419033383159 | 0.021749110892415047 | 0.9923986486486487
413 | 12.50640607536386 | 1.867111787786517 | 0.752366716492277 | 0.022629627932769222 | 0.9930320945945946
414 | 13.028818812939004 | 1.569383631075682 | 0.7752864972595914 | 0.030158317603825313 | 0.9898648648648649
415 | 12.338835138793385 | 1.8118356237615825 | 0.7603388141504733 | 0.02760918956954737 | 0.9911317567567568
416 | 12.228644108553546 | 1.640755959928006 | 0.7673143996013951 | 0.020681252970511245 | 0.9926097972972973
417 | 12.688068757363416 | 1.715558004367393 | 0.770802192326856 | 0.0232138740074997 | 0.9913429054054054
418 | 12.394950665465188 | 1.6469315914710956 | 0.770802192326856 | 0.020464609182011838 | 0.9930320945945946
419 | 13.317272308769576 | 1.468010703960223 | 0.7862481315396114 | 0.021447626203676132 | 0.9926097972972973
420 | 12.734638800314807 | 1.4069171739444248 | 0.7992027902341804 | 0.029569128597457264 | 0.9902871621621622
421 | 12.805700765837223 | 1.6166674222706203 | 0.783756851021425 | 0.024124098727731285 | 0.9902871621621622
422 | 12.048705573475688 | 1.3297948698291864 | 0.794718485301445 | 0.028386690861520333 | 0.9896537162162162
423 | 12.454557620057273 | 1.3232286010266063 | 0.7862481315396114 | 0.023669293565625273 | 0.9932432432432432
424 | 12.715622359459553 | 1.334713317650613 | 0.7897359242650722 | 0.03254465357324964 | 0.9900760135135135
425 | 11.98975946268904 | 1.585690757440701 | 0.7713004484304933 | 0.021398401894682163 | 0.9934543918918919
426 | 12.033155817504323 | 1.4371533266156837 | 0.7857498754359741 | 0.0238998274136385 | 0.9907094594594594
427 | 12.163308161114333 | 1.2038698791121154 | 0.8046836073741903 | 0.016314223267112835 | 0.9936655405405406
428 | 12.811997693613035 | 1.1722043976299075 | 0.8006975585450922 | 0.016252971543754276 | 0.9938766891891891
429 | 12.834993869886485 | 1.2223504594920225 | 0.8011958146487295 | 0.01489487851063746 | 0.9938766891891891
430 | 13.541322909363913 | 1.2367075464294275 | 0.802192326856004 | 0.013253742522195083 | 0.995143581081081
431 | 13.846531727992067 | 1.097477174422963 | 0.8111609367214748 | 0.021856115967337345 | 0.9923986486486487
432 | 12.71142725113335 | 1.1169842392815008 | 0.8181365221723966 | 0.02387759424085301 | 0.9917652027027027
433 | 12.294230426123383 | 1.0668005654927089 | 0.8241155954160438 | 0.02626586366897902 | 0.9902871621621622
434 | 12.782880424359522 | 1.0468672045915353 | 0.8246138515196811 | 0.019154078987854962 | 0.9936655405405406
435 | 12.837913828158598 | 0.984664691819085 | 0.8271051320378675 | 0.026083932893753454 | 0.9909206081081081
436 | 12.502752759041043 | 1.0283451034586764 | 0.8266068759342302 | 0.01977087214991853 | 0.9919763513513513
437 | 12.667039153772757 | 1.0594494511490742 | 0.8251121076233184 | 0.01463802414316986 | 0.9955658783783784
438 | 13.038526850009184 | 1.0309161090945864 | 0.8330842052815147 | 0.023252261388807784 | 0.9921875
439 | 12.370205319255863 | 1.1294256948717922 | 0.8231190832087693 | 0.03934544464573264 | 0.9862753378378378
440 | 11.637859291986588 | 1.174195135774218 | 0.8295964125560538 | 0.05383520150506819 | 0.9803631756756757
441 | 10.986788732196214 | 0.9473403738574954 | 0.8495266567015446 | 0.031235949778174225 | 0.9898648648648649
442 | 11.605659598604255 | 0.9839575944044249 | 0.8295964125560538 | 0.016070916138060793 | 0.9940878378378378
443 | 12.390576983810565 | 1.0768514699940666 | 0.8191330343796711 | 0.014237616173419598 | 0.995777027027027
444 | 12.665380154180964 | 1.0317530428882138 | 0.8251121076233184 | 0.015602804868280687 | 0.9936655405405406
445 | 12.900194395572766 | 0.9963381382500763 | 0.8295964125560538 | 0.021145728605522496 | 0.9926097972972973
446 | 12.721481708211636 | 1.0824107759677182 | 0.8295964125560538 | 0.034635585374073 | 0.9883868243243243
447 | 12.517051154320393 | 1.1277181438147637 | 0.8211260587942202 | 0.022203677390525874 | 0.9913429054054054
448 | 12.750345063865732 | 1.2145194258331125 | 0.815146985550573 | 0.017795724492218043 | 0.9936655405405406
449 | 13.18049396724876 | 1.3626433338285027 | 0.8046836073741903 | 0.022122466867487575 | 0.9923986486486487
450 | 13.502194535841635 | 1.2969723113092784 | 0.8086696562032885 | 0.0317307416022428 | 0.9881756756756757
451 | 12.124145542809723 | 1.2576945329936036 | 0.802192326856004 | 0.037352671494355075 | 0.9871199324324325
452 | 12.221888795905157 | 1.1900426217080589 | 0.8226208271051321 | 0.03669686947093421 | 0.9875422297297297
453 | 12.22521165095338 | 1.6593205856932416 | 0.7807673143996013 | 0.036681764570341724 | 0.9871199324324325
454 | 11.828619991967438 | 1.3723115259934613 | 0.802192326856004 | 0.02981467664594183 | 0.9904983108108109
455 | 12.267242396643402 | 1.5334778503808562 | 0.7882411559541604 | 0.02594360349876051 | 0.9911317567567568
456 | 11.770299552777491 | 1.4948420412931267 | 0.7877428998505231 | 0.019511006555419316 | 0.9942989864864865
457 | 12.407594934515997 | 1.5084107512553415 | 0.7802690582959642 | 0.014554334521243299 | 0.9949324324324325
458 | 12.660162768232713 | 1.5589100717013311 | 0.7807673143996013 | 0.016017245643180668 | 0.9949324324324325
459 | 13.19560933769296 | 1.563276403569201 | 0.7857498754359741 | 0.020812328300766042 | 0.9919763513513513
460 | 12.842493967178765 | 1.939142313773322 | 0.752366716492277 | 0.03666521842918686 | 0.9877533783783784
461 | 11.38027413394473 | 1.2609050221923102 | 0.8071748878923767 | 0.036576296372741866 | 0.9877533783783784
462 | 11.525627127481163 | 1.657640438977913 | 0.7663178873941205 | 0.020385787922989677 | 0.9934543918918919
463 | 12.021599865834647 | 1.7505222383457806 | 0.7538614848031888 | 0.016688032390398753 | 0.9953547297297297
464 | 12.31243141419297 | 1.3414387449911713 | 0.7927254608868959 | 0.026976654142443393 | 0.9909206081081081
465 | 12.98703356401636 | 1.407372428459734 | 0.7812655705032386 | 0.02472765384418135 | 0.9907094594594594
466 | 13.047344172766449 | 1.491299409681015 | 0.7737917289486796 | 0.020352304988616222 | 0.9909206081081081
467 | 13.530458826537526 | 2.2661846620144392 | 0.7309417040358744 | 0.02834117942650148 | 0.9902871621621622
468 | 11.932246173193695 | 1.7807988899527465 | 0.746885899352267 | 0.024745687609538436 | 0.9919763513513513
469 | 13.315288797431036 | 2.5968257238690273 | 0.715495764823119 | 0.018908223786982835 | 0.9934543918918919
470 | 13.560329524748916 | 2.353453238270564 | 0.7214748380667663 | 0.021793492707876942 | 0.9930320945945946
471 | 12.775193529391508 | 3.2175144068209995 | 0.6870951669157948 | 0.02137428383040871 | 0.9919763513513513
472 | 12.723465980739768 | 3.158848332598486 | 0.7085201793721974 | 0.024638689978904015 | 0.9915540540540541
473 | 12.736881396092405 | 3.1783894846317002 | 0.7040358744394619 | 0.02347502950106974 | 0.9913429054054054
474 | 12.619639974121654 | 3.272776207047193 | 0.6885899352267065 | 0.0227573922822705 | 0.9930320945945946
475 | 12.230870911834437 | 4.062245412673532 | 0.6532137518684604 | 0.021378914139711776 | 0.9921875
476 | 12.499568737974954 | 3.1573027753093434 | 0.6870951669157948 | 0.021465478719816217 | 0.9930320945945946
477 | 12.462503739453236 | 2.9707847155916434 | 0.6915794718485302 | 0.01683062980756969 | 0.9932432432432432
478 | 12.587593857301485 | 3.5903013971354394 | 0.674638764324863 | 0.024843511731691054 | 0.9909206081081081
479 | 12.710337988827206 | 3.3305973796388315 | 0.6875934230194319 | 0.029203237537798042 | 0.9894425675675675
480 | 12.279772032291516 | 3.5910532147835665 | 0.6701544593921276 | 0.016834768054478273 | 0.9945101351351351
481 | 12.781740906041696 | 3.3796634497069933 | 0.6751370204285002 | 0.020514269711802136 | 0.9928209459459459
482 | 12.754850527562132 | 3.9333940695100718 | 0.6646736422521176 | 0.02082227568796559 | 0.9921875
483 | 12.353067975525462 | 4.46306060022184 | 0.6457399103139013 | 0.025510914576541935 | 0.9913429054054054
484 | 12.980090027555413 | 3.4729624488309776 | 0.674638764324863 | 0.02641709765570389 | 0.9904983108108109
485 | 12.035981834481616 | 3.8702912974488277 | 0.6656701544593921 | 0.019129175554356864 | 0.9938766891891891
486 | 13.068967827963172 | 3.496441637513408 | 0.6651718983557549 | 0.02311739856786271 | 0.9926097972972973
487 | 12.775029987370202 | 2.929076586069013 | 0.6945690084703537 | 0.018367235989284678 | 0.9940878378378378
488 | 13.160963968399468 | 3.015182006460075 | 0.6856003986048829 | 0.0160807945224381 | 0.9949324324324325
489 | 13.443694630894091 | 3.5367661816122284 | 0.6686596910812157 | 0.013172384088770864 | 0.995143581081081
490 | 13.638462486617062 | 3.0672509029960535 | 0.6940707523667164 | 0.016360092775996874 | 0.9942989864864865
491 | 13.300842678875004 | 3.1250780644735174 | 0.6995515695067265 | 0.024188983732381382 | 0.9907094594594594
492 | 13.478705484932716 | 2.9648694657067725 | 0.7020428500249128 | 0.02571344549289426 | 0.9926097972972973
493 | 12.984331489702978 | 2.895087936712131 | 0.700548081714001 | 0.035816084857828716 | 0.9869087837837838
494 | 12.269870976789282 | 2.939325055139957 | 0.6980568011958147 | 0.021327273474968468 | 0.9928209459459459
495 | 12.76796263948493 | 3.9349406055389617 | 0.6636771300448431 | 0.02356053899495384 | 0.9913429054054054
496 | 13.081890569914371 | 3.4939163865648695 | 0.6686596910812157 | 0.019844074702091718 | 0.9936655405405406
497 | 12.937513858900157 | 3.384672943608465 | 0.6816143497757847 | 0.021980049632917588 | 0.9934543918918919
498 | 12.631988429148263 | 2.873914405607025 | 0.7065271549576483 | 0.016748243521244544 | 0.9936655405405406
499 | 12.594576686894127 | 2.953027222129202 | 0.6960637767812655 | 0.015846162062213832 | 0.995777027027027
