epoch | classifier_loss | classifier_acc | source_val_loss | source_val_acc | target_val_loss | target_val_acc | critic_loss
0 | 0.8743548047378522 | 0.7815366972477065 | 0.4870000387430191 | 0.8785 | 2.7289633464813234 | 0.1785 | -880.0240478515625
1 | 0.3433103635223634 | 0.9281823394495413 | 0.3755019983053207 | 0.907 | 2.494651319503784 | 0.211 | -1848.20703125
2 | 0.23413912036003323 | 0.9501146788990825 | 0.29232900774478915 | 0.9235 | 2.668506223678589 | 0.2285 | -1325.5743408203125
3 | 0.1666651323027567 | 0.9650229357798165 | 0.22969394254684447 | 0.943 | 2.9699788703918455 | 0.2165 | -1015.8006591796875
4 | 0.13345054345666815 | 0.971473623853211 | 0.2053123896121979 | 0.9455 | 2.943723756790161 | 0.225 | -839.0839233398438
5 | 0.11353251922431343 | 0.9756307339449541 | 0.19618430250883104 | 0.947 | 3.2378026371002195 | 0.224 | -735.2268676757812
6 | 0.09406094089013721 | 0.9799311926605505 | 0.18045673006772994 | 0.9475 | 3.429563108444214 | 0.2105 | -645.7767944335938
7 | 0.08561960457388414 | 0.9830848623853211 | 0.17817643773555755 | 0.952 | 3.2436867752075194 | 0.2275 | -597.6080932617188
8 | 0.0749958715478488 | 0.9852350917431193 | 0.1637316593080759 | 0.951 | 3.4836914234161376 | 0.2155 | -554.605712890625
9 | 0.06743670885510948 | 0.9865252293577982 | 0.18282483613491057 | 0.9505 | 3.5213623428344727 | 0.2265 | -520.1927490234375
10 | 0.06532667344008837 | 0.9860951834862385 | 0.14948043583333492 | 0.9585 | 3.3348031730651857 | 0.236 | -498.28692626953125
11 | 0.05851068615127321 | 0.9879587155963303 | 0.1669169701039791 | 0.9555 | 3.6381106510162353 | 0.2305 | -473.7669677734375
12 | 0.0534564652864676 | 0.9901089449541285 | 0.1684737941622734 | 0.956 | 3.6807621116638183 | 0.2345 | -443.4509582519531
13 | 0.04688442965815647 | 0.9922591743119266 | 0.15813712668418883 | 0.9575 | 3.5271300201416014 | 0.232 | -422.2043762207031
14 | 0.04492511284546158 | 0.9919724770642202 | 0.15445125132799148 | 0.956 | 3.739992628097534 | 0.2405 | -400.77471923828125
15 | 0.04084125483288951 | 0.9921158256880734 | 0.16073436760902404 | 0.956 | 3.634358823776245 | 0.242 | -383.9643249511719
16 | 0.03944915285709938 | 0.9931192660550459 | 0.16550150713324546 | 0.9575 | 3.76659264755249 | 0.2195 | -364.0229187011719
17 | 0.03818437876607027 | 0.9936926605504587 | 0.150093805372715 | 0.96 | 3.847205331802368 | 0.227 | -357.8056945800781
18 | 0.03423264142501792 | 0.9946961009174312 | 0.15092625662684442 | 0.9605 | 3.7517249450683594 | 0.2195 | -352.8620300292969
19 | 0.03313993667722295 | 0.9941227064220184 | 0.16300899863243104 | 0.958 | 4.057215803146362 | 0.2245 | -338.8077697753906
20 | 0.03126354496755184 | 0.9948394495412844 | 0.14564175724983217 | 0.961 | 3.685283260345459 | 0.235 | -324.8083190917969
21 | 0.029131748901526314 | 0.9954128440366973 | 0.15768326273560523 | 0.96 | 4.199114530563355 | 0.2085 | -319.5221862792969
22 | 0.027267660625244772 | 0.9965596330275229 | 0.13952638924121857 | 0.9665 | 3.9634531326293945 | 0.231 | -314.1692199707031
23 | 0.026120703069305203 | 0.9971330275229358 | 0.15814735420048237 | 0.96 | 4.249256170272827 | 0.226 | -291.32464599609375
24 | 0.024320363584017263 | 0.9967029816513762 | 0.14286356890201568 | 0.9625 | 3.879599033355713 | 0.2455 | -291.3846130371094
25 | 0.023778241482315533 | 0.9965596330275229 | 0.14681774336099623 | 0.959 | 4.054492483139038 | 0.2375 | -267.34466552734375
26 | 0.021993003475881363 | 0.9978497706422018 | 0.15127388560771943 | 0.963 | 3.8943539848327635 | 0.2235 | -273.6658020019531
27 | 0.023194127438436133 | 0.9964162844036697 | 0.15750270771980285 | 0.9585 | 3.9080300064086915 | 0.2215 | -272.3582763671875
28 | 0.01915300532603004 | 0.9984231651376146 | 0.16457748740911485 | 0.956 | 4.304170625686646 | 0.217 | -254.31732177734375
29 | 0.020687718986781366 | 0.997276376146789 | 0.14982395216077565 | 0.962 | 4.0620794734954835 | 0.2345 | -246.26206970214844
30 | 0.018238148391417682 | 0.9981364678899083 | 0.16378899335861205 | 0.9565 | 4.227444713592529 | 0.2315 | -237.93563842773438
31 | 0.01694688129819793 | 0.9987098623853211 | 0.15214334571361543 | 0.961 | 4.021752597808838 | 0.2375 | -233.376953125
32 | 0.017910152784796483 | 0.9981364678899083 | 0.14723582750558853 | 0.9605 | 4.019468687057495 | 0.2285 | -227.84780883789062
33 | 0.015285120018834778 | 0.9987098623853211 | 0.1542650393843651 | 0.96 | 4.0492803001403805 | 0.237 | -217.31459045410156
34 | 0.014062594000779844 | 0.9992832568807339 | 0.1592416426539421 | 0.957 | 4.151998382568359 | 0.224 | -212.81813049316406
35 | 0.01626003412487105 | 0.9982798165137615 | 0.15837113213539122 | 0.961 | 4.422126022338867 | 0.23 | -209.0556182861328
36 | 0.01656402142957673 | 0.9978497706422018 | 0.14820186084508896 | 0.962 | 4.292252174377442 | 0.2305 | -208.8619842529297
37 | 0.014755700894315308 | 0.9984231651376146 | 0.2004800128042698 | 0.953 | 4.571231189727783 | 0.2275 | -207.6497802734375
38 | 0.016363649528661588 | 0.9971330275229358 | 0.15719096171855926 | 0.9625 | 4.267360509872437 | 0.2295 | -205.64486694335938
39 | 0.014909752843252152 | 0.9975630733944955 | 0.16388250038027763 | 0.9615 | 4.548037010192871 | 0.22 | -210.15821838378906
40 | 0.012469682697240912 | 0.9987098623853211 | 0.15714589139819146 | 0.961 | 4.485787437438965 | 0.2285 | -192.70555114746094
41 | 0.012299531036902457 | 0.9989965596330275 | 0.16111898662522436 | 0.9615 | 4.729241760253906 | 0.216 | -172.38134765625
42 | 0.010747858772797663 | 0.9995699541284404 | 0.15411021804809572 | 0.9625 | 4.345724617004395 | 0.233 | -177.1465606689453
43 | 0.014272960767987262 | 0.9978497706422018 | 0.1554633789509535 | 0.9625 | 4.2139557952880855 | 0.2375 | -170.39308166503906
44 | 0.010519388680764978 | 0.9992832568807339 | 0.16341075953841208 | 0.9585 | 4.599823387145996 | 0.235 | -167.61273193359375
45 | 0.010254151220946068 | 0.9994266055045872 | 0.16750685507059096 | 0.96 | 4.4785331344604495 | 0.2355 | -161.23817443847656
46 | 0.009706159060342459 | 0.9991399082568807 | 0.16647618756163865 | 0.963 | 4.526927024841308 | 0.2345 | -155.2805633544922
47 | 0.010687097793855115 | 0.9989965596330275 | 0.16907813386619092 | 0.958 | 4.994934982299805 | 0.232 | -155.15408325195312
48 | 0.009633920695889024 | 0.9989965596330275 | 0.17977196747064592 | 0.9545 | 5.0451177215576175 | 0.243 | -154.8378448486328
49 | 0.012242908521187961 | 0.9981364678899083 | 0.1632919461131096 | 0.9645 | 4.850552299499512 | 0.238 | -148.1942138671875
50 | 0.010959002360223083 | 0.9989965596330275 | 0.18016536571085454 | 0.9585 | 5.0133200340271 | 0.2225 | -150.84500122070312
51 | 0.009705664702144306 | 0.9988532110091743 | 0.17106805709004402 | 0.955 | 4.822130611419678 | 0.2285 | -144.35006713867188
52 | 0.009659550852278983 | 0.9987098623853211 | 0.1794989371597767 | 0.9595 | 4.944768787384033 | 0.2245 | -144.64779663085938
53 | 0.008518705659315264 | 0.9989965596330275 | 0.15938226997852326 | 0.961 | 4.616092266082764 | 0.2295 | -139.2911834716797
54 | 0.010220019812183028 | 0.9984231651376146 | 0.1963038432598114 | 0.9595 | 5.317653285980224 | 0.224 | -143.01170349121094
55 | 0.008878396363147115 | 0.9989965596330275 | 0.22186108034849167 | 0.955 | 5.72061450958252 | 0.24 | -138.1143035888672
56 | 0.0086377293775029 | 0.9991399082568807 | 0.17432796236872672 | 0.9595 | 5.025209629058838 | 0.241 | -133.5953826904297
57 | 0.007241584936267944 | 0.9994266055045872 | 0.16431422920525074 | 0.9615 | 4.762333351135254 | 0.2385 | -125.25637817382812
58 | 0.007103959760637185 | 0.9995699541284404 | 0.16403217548131943 | 0.958 | 4.808078735351563 | 0.246 | -128.0202178955078
59 | 0.00883265194715932 | 0.9989965596330275 | 0.1868884087204933 | 0.9525 | 5.02160050201416 | 0.2315 | -138.51124572753906
60 | 0.02435343646670803 | 0.9931192660550459 | 0.2715272722169757 | 0.946 | 6.906505954742432 | 0.2115 | -159.8111114501953
61 | 0.014355972274409505 | 0.9969896788990825 | 0.17712731271982193 | 0.9605 | 5.051847621917725 | 0.236 | -140.55006408691406
62 | 0.006857642926352628 | 0.9997133027522935 | 0.15626074188202618 | 0.9635 | 4.623695533752441 | 0.24 | -141.1717071533203
63 | 0.005867039456903729 | 0.9998566513761468 | 0.16580843767523765 | 0.9625 | 4.668462505340576 | 0.238 | -126.55052185058594
64 | 0.005991455526390207 | 0.9997133027522935 | 0.16268557664752006 | 0.9595 | 4.444104984283447 | 0.242 | -116.11079406738281
65 | 0.005705486045330079 | 0.9998566513761468 | 0.19358103783428668 | 0.962 | 5.135835834503174 | 0.236 | -101.89228057861328
66 | 0.005990588229038505 | 0.9995699541284404 | 0.17731809921562672 | 0.9625 | 4.927114238739014 | 0.2395 | -115.30187225341797
67 | 0.0055697465864428825 | 0.9998566513761468 | 0.17290928331390024 | 0.9635 | 4.750863826751709 | 0.253 | -91.95451354980469
68 | 0.006350364053297207 | 0.9994266055045872 | 0.17933226845320313 | 0.962 | 5.132354049682617 | 0.249 | -103.11434936523438
69 | 0.007251146638770203 | 0.9991399082568807 | 0.17857721536327154 | 0.962 | 4.920048461914062 | 0.254 | -109.88854217529297
70 | 0.005469067998384254 | 0.9998566513761468 | 0.16608806067705154 | 0.9585 | 5.341246189117432 | 0.246 | -104.79126739501953
71 | 0.005351334911719853 | 0.9998566513761468 | 0.19000508078932762 | 0.96 | 5.295855159759522 | 0.239 | -90.81778717041016
72 | 0.00508586298076248 | 0.9998566513761468 | 0.18532372872531414 | 0.957 | 5.270654247283936 | 0.2415 | -96.1399154663086
73 | 0.019495446236009514 | 0.9938360091743119 | 0.2573386001177132 | 0.957 | 6.003583896636963 | 0.2285 | -133.06246948242188
74 | 0.024188799637467538 | 0.9938360091743119 | 0.19003947758674622 | 0.961 | 5.673007785797119 | 0.2405 | -173.21568298339844
75 | 0.005522766604714112 | 0.9998566513761468 | 0.1676680276989937 | 0.9605 | 4.555332836151123 | 0.2465 | -115.45462036132812
76 | 0.005264866669927168 | 0.9995699541284404 | 0.1730138422548771 | 0.96 | 4.633488121032715 | 0.2495 | -114.33798217773438
77 | 0.00474809403552614 | 0.9998566513761468 | 0.18200433821976184 | 0.961 | 5.041476436614991 | 0.2475 | -102.65574645996094
78 | 0.0045488825534607084 | 0.9998566513761468 | 0.19828363764286042 | 0.9575 | 5.096054004669189 | 0.236 | -95.20619201660156
79 | 0.004472518006527643 | 0.9998566513761468 | 0.1778977198600769 | 0.9625 | 4.946544666290283 | 0.239 | -95.40526580810547
80 | 0.004341686277974978 | 0.9998566513761468 | 0.17544366208463907 | 0.9565 | 4.767388385772705 | 0.2425 | -85.30558013916016
81 | 0.004581144797282481 | 0.9998566513761468 | 0.1867453622817993 | 0.959 | 4.976511817932129 | 0.2445 | -92.29276275634766
82 | 0.004224752305596725 | 0.9998566513761468 | 0.19949538809061051 | 0.9595 | 5.21617461013794 | 0.2385 | -84.53137969970703
83 | 0.004272288721857951 | 0.9998566513761468 | 0.17535120230913162 | 0.9605 | 5.047765514373779 | 0.248 | -87.92170715332031
84 | 0.0038734407809246844 | 0.9998566513761468 | 0.1741652697920799 | 0.9615 | 4.919103485107422 | 0.2505 | -76.06670379638672
85 | 0.004071867854415584 | 0.9998566513761468 | 0.20501207134127616 | 0.9585 | 5.76590412902832 | 0.233 | -73.29011535644531
86 | 0.004042259415605216 | 0.9998566513761468 | 0.17807061046361924 | 0.9555 | 5.243738792419434 | 0.237 | -81.58800506591797
87 | 0.007108443275942049 | 0.9985665137614679 | 0.3002988938353956 | 0.9515 | 6.6728992233276365 | 0.2305 | -88.36758422851562
88 | 0.011611827004085714 | 0.9969896788990825 | 0.25159783285856246 | 0.9555 | 6.352312545776368 | 0.233 | -113.92504119873047
89 | 0.007918866041250989 | 0.9989965596330275 | 0.21493062445521355 | 0.96 | 5.997466873168945 | 0.239 | -105.96157836914062
90 | 0.004949385718412595 | 0.9997133027522935 | 0.16741032218933105 | 0.963 | 4.971019115447998 | 0.2385 | -87.53143310546875
91 | 0.00411324133912802 | 0.9998566513761468 | 0.18371633235923945 | 0.9605 | 5.223916381835937 | 0.2475 | -86.87785339355469
92 | 0.003825996703908292 | 0.9998566513761468 | 0.18373103427141904 | 0.9595 | 5.337553573608399 | 0.243 | -77.6905746459961
93 | 0.003638839379589526 | 0.9998566513761468 | 0.1914950777590275 | 0.9595 | 5.213259582519531 | 0.238 | -78.49418640136719
94 | 0.0040448754582631 | 0.9998566513761468 | 0.1817990862270817 | 0.962 | 5.361768482208252 | 0.2275 | -80.08114624023438
95 | 0.013868973310876621 | 0.9959862385321101 | 0.25656707456707956 | 0.9545 | 6.3174327392578125 | 0.2295 | -102.17613220214844
96 | 0.007441982837316982 | 0.9982798165137615 | 0.18185483179148287 | 0.9615 | 5.7487670555114745 | 0.2225 | -100.094970703125
97 | 0.004023815208294113 | 0.9998566513761468 | 0.1927612513229251 | 0.962 | 5.260497524261474 | 0.2425 | -82.26241302490234
98 | 0.0037591866540098817 | 0.9998566513761468 | 0.19538443398475647 | 0.9595 | 5.540649021148682 | 0.233 | -76.94402313232422
99 | 0.00430988169162013 | 0.9994266055045872 | 0.1839696112424135 | 0.9585 | 5.672364685058594 | 0.238 | -75.7956314086914
100 | 0.0035053151363289036 | 0.9998566513761468 | 0.18912216645479202 | 0.9615 | 5.4475841751098635 | 0.24 | -76.7464828491211
101 | 0.003378510314420105 | 0.9998566513761468 | 0.17614000409841538 | 0.959 | 5.188092594146728 | 0.2345 | -74.44869995117188
102 | 0.003705725895663843 | 0.9998566513761468 | 0.2025819226577878 | 0.959 | 5.849486663818359 | 0.2275 | -67.74884033203125
103 | 0.003009163666678883 | 0.9998566513761468 | 0.18042974561452865 | 0.9605 | 5.128637504577637 | 0.2375 | -64.1348876953125
104 | 0.0029569442240828902 | 0.9998566513761468 | 0.19833892080187798 | 0.9565 | 5.669231285095215 | 0.2355 | -60.63494873046875
105 | 0.0031620412974174075 | 0.9998566513761468 | 0.1870384964644909 | 0.9605 | 5.691639541625976 | 0.2245 | -62.824893951416016
106 | 0.0031394712539355553 | 0.9998566513761468 | 0.21184116035699843 | 0.959 | 5.615608901977539 | 0.239 | -61.09962463378906
107 | 0.003577545574928181 | 0.9998566513761468 | 0.2138509847819805 | 0.958 | 6.012860961914063 | 0.236 | -71.43204498291016
108 | 0.010522978854794996 | 0.9977064220183486 | 0.2824565355926752 | 0.9455 | 6.685688167572022 | 0.227 | -80.44180297851562
109 | 0.03166137740908857 | 0.9901089449541285 | 0.23911957051604987 | 0.954 | 6.391890579223633 | 0.227 | -131.782958984375
110 | 0.017351114560653448 | 0.9949827981651376 | 0.21060859215259553 | 0.958 | 5.45871639251709 | 0.2305 | -113.39789581298828
111 | 0.006671775631988934 | 0.9985665137614679 | 0.20260025888681413 | 0.958 | 5.6574637260437015 | 0.2445 | -97.48532104492188
112 | 0.003784980379801175 | 0.9997133027522935 | 0.1814469747543335 | 0.963 | 4.7735259742736815 | 0.248 | -82.09868621826172
113 | 0.003413445642538403 | 0.9997133027522935 | 0.19114416538178922 | 0.963 | 4.98003902053833 | 0.2485 | -75.18925476074219
114 | 0.0029425119982237733 | 0.9998566513761468 | 0.19606137872487306 | 0.96 | 5.243878684997559 | 0.2485 | -63.74159240722656
115 | 0.0028727798543255263 | 0.9998566513761468 | 0.19950124081969262 | 0.9615 | 5.353311325073242 | 0.243 | -65.77574920654297
116 | 0.002788390503414488 | 0.9998566513761468 | 0.1882492927312851 | 0.9595 | 5.094959503173828 | 0.247 | -70.10679626464844
117 | 0.002977868515641403 | 0.9997133027522935 | 0.17987694941461085 | 0.959 | 5.167665885925293 | 0.252 | -58.69853591918945
118 | 0.0026886568195400164 | 0.9998566513761468 | 0.19729422450065612 | 0.9595 | 5.35836022567749 | 0.246 | -56.80604553222656
119 | 0.0027913302316655056 | 0.9998566513761468 | 0.20371853282675148 | 0.961 | 5.329326286315918 | 0.245 | -53.893150329589844
120 | 0.002788444796743709 | 0.9998566513761468 | 0.1955306514799595 | 0.9595 | 5.341385055541992 | 0.248 | -62.91370391845703
121 | 0.0027204308372606105 | 0.9998566513761468 | 0.18125013771280646 | 0.9575 | 5.11273380279541 | 0.249 | -55.058353424072266
122 | 0.002693099879185507 | 0.9998566513761468 | 0.189865835621953 | 0.957 | 5.112780284881592 | 0.2445 | -55.990447998046875
123 | 0.002487469759850908 | 0.9998566513761468 | 0.20808175218105315 | 0.956 | 5.280126605987549 | 0.2495 | -57.38393783569336
124 | 0.0026621508896414944 | 0.9998566513761468 | 0.19167931970953941 | 0.9555 | 4.955163482666015 | 0.2505 | -52.17532730102539
125 | 0.0024969331661683566 | 0.9998566513761468 | 0.20204033912252634 | 0.961 | 5.289679035186768 | 0.249 | -47.494937896728516
126 | 0.0022923980610991975 | 0.9998566513761468 | 0.21762963217496872 | 0.9555 | 5.503319362640381 | 0.244 | -48.461585998535156
127 | 0.002599541694641438 | 0.9998566513761468 | 0.21408728542923927 | 0.9535 | 5.551649681091309 | 0.24 | -56.243526458740234
128 | 0.002649017585091156 | 0.9998566513761468 | 0.2238320888057351 | 0.953 | 5.671312187194824 | 0.244 | -55.539649963378906
129 | 0.04060658187952017 | 0.9905389908256881 | 0.41675944328308107 | 0.921 | 7.474371643066406 | 0.2155 | -97.91033935546875
130 | 0.021090843370200323 | 0.9944094036697247 | 0.23902992852777244 | 0.9595 | 6.0598548240661625 | 0.2525 | -136.2034912109375
131 | 0.005221685880732107 | 0.9992832568807339 | 0.20498029401898385 | 0.963 | 5.238482616424561 | 0.261 | -86.78475189208984
132 | 0.0035889836171334355 | 0.9995699541284404 | 0.20832913090568037 | 0.9595 | 5.154300258636475 | 0.256 | -65.19949340820312
133 | 0.0030722183510746566 | 0.9998566513761468 | 0.20656455047428607 | 0.956 | 5.096705337524414 | 0.2605 | -59.200218200683594
134 | 0.002711958523173261 | 0.9998566513761468 | 0.1936682575196028 | 0.959 | 5.145079326629639 | 0.267 | -58.08875274658203
135 | 0.0025293256515004766 | 0.9998566513761468 | 0.19104492240399124 | 0.961 | 5.099751838684082 | 0.2625 | -53.66181945800781
136 | 0.002498034031104741 | 0.9998566513761468 | 0.18811222032085062 | 0.96 | 5.09061637878418 | 0.261 | -51.87342834472656
137 | 0.002425086364382878 | 0.9998566513761468 | 0.19244724179804326 | 0.9595 | 5.142522964477539 | 0.2545 | -50.79511260986328
138 | 0.0023189261561011843 | 0.9998566513761468 | 0.20460482048988343 | 0.9575 | 5.355004245758057 | 0.2485 | -48.207828521728516
139 | 0.0022737948021556704 | 0.9998566513761468 | 0.20127280390262603 | 0.9555 | 5.125457443237305 | 0.259 | -45.54050827026367
140 | 0.002169068474450721 | 0.9998566513761468 | 0.20830476630479097 | 0.9565 | 5.369671077728271 | 0.249 | -41.557518005371094
141 | 0.002191106382962487 | 0.9998566513761468 | 0.19578401374816895 | 0.9575 | 5.059053775787354 | 0.257 | -49.812400817871094
142 | 0.0019398365957970056 | 0.9998566513761468 | 0.21730246077477933 | 0.954 | 5.599750888824463 | 0.249 | -45.35860061645508
143 | 0.0022380332843776485 | 0.9998566513761468 | 0.19673124574124812 | 0.9565 | 5.148395950317383 | 0.261 | -47.023529052734375
144 | 0.00924806546400768 | 0.9969896788990825 | 0.30511191599071025 | 0.9535 | 7.023046005249023 | 0.2425 | -72.64225769042969
145 | 0.0063386034764351595 | 0.9984231651376146 | 0.2939938676953316 | 0.953 | 7.048867580413819 | 0.2635 | -72.04827117919922
146 | 0.006953217723052265 | 0.9981364678899083 | 0.219031634747982 | 0.958 | 6.311926048278808 | 0.235 | -80.21817016601562
147 | 0.0062391847895924 | 0.9987098623853211 | 0.23584928051196039 | 0.955 | 5.751601150512696 | 0.243 | -67.48829650878906
148 | 0.002850908875238971 | 0.9997133027522935 | 0.21696542671322822 | 0.9595 | 5.259708641052246 | 0.256 | -55.936065673828125
149 | 0.002397260845584342 | 0.9998566513761468 | 0.20121047340985387 | 0.9555 | 4.962875251770019 | 0.2575 | -51.74285125732422
150 | 0.0020032276676053506 | 0.9998566513761468 | 0.20068770414590836 | 0.958 | 5.136099941253662 | 0.25 | -49.47019958496094
151 | 0.00218074316203748 | 0.9998566513761468 | 0.2172192950695753 | 0.9575 | 5.38780298614502 | 0.2525 | -42.78703689575195
152 | 0.002123881844320941 | 0.9998566513761468 | 0.20512642470002174 | 0.956 | 5.073490951538086 | 0.2535 | -47.4759635925293
153 | 0.002199039327508317 | 0.9998566513761468 | 0.2069633822562173 | 0.9575 | 5.474714908599854 | 0.249 | -47.52497863769531
154 | 0.0020551141164556076 | 0.9998566513761468 | 0.2112896494269371 | 0.9575 | 5.279353851318359 | 0.2515 | -39.97118377685547
155 | 0.0019956465112045407 | 0.9998566513761468 | 0.20754609578847885 | 0.954 | 5.252187641143799 | 0.2505 | -47.06281661987305
156 | 0.0020397802104066987 | 0.9998566513761468 | 0.21841852955520152 | 0.9545 | 5.487126186370849 | 0.2435 | -43.497920989990234
157 | 0.002186285510206373 | 0.9998566513761468 | 0.21972419118881226 | 0.956 | 5.2773670501708985 | 0.2465 | -46.92673873901367
158 | 0.0019971080380171502 | 0.9998566513761468 | 0.20658512412011623 | 0.9545 | 5.259588043212891 | 0.249 | -45.741485595703125
159 | 0.021013077757459607 | 0.9938360091743119 | 0.3974586769845337 | 0.944 | 8.667391242980957 | 0.244 | -85.30091094970703
160 | 0.013280998711840575 | 0.9956995412844036 | 0.3211513362526894 | 0.952 | 6.80656615447998 | 0.2615 | -104.31122589111328
161 | 0.007634190032141146 | 0.9985665137614679 | 0.22834696538001298 | 0.959 | 6.026339809417725 | 0.2485 | -81.49653625488281
162 | 0.0025492852370558017 | 0.9998566513761468 | 0.2176415067417547 | 0.957 | 5.605211437225342 | 0.257 | -55.20140075683594
163 | 0.002088788243431444 | 0.9998566513761468 | 0.21218489325046538 | 0.9575 | 5.168013202667236 | 0.2455 | -46.26920700073242
164 | 0.00222464485751858 | 0.9998566513761468 | 0.2041355884373188 | 0.956 | 5.289326076507568 | 0.2525 | -43.059112548828125
165 | 0.0020674424456355563 | 0.9998566513761468 | 0.20907838608324528 | 0.9545 | 5.266747970581054 | 0.2535 | -43.445858001708984
166 | 0.0018999324271769407 | 0.9998566513761468 | 0.22039154744148254 | 0.9535 | 5.169398410797119 | 0.251 | -42.649436950683594
167 | 0.00242021947419869 | 0.9998566513761468 | 0.20838289268501103 | 0.9555 | 5.233648149490357 | 0.2545 | -42.758819580078125
168 | 0.0020405386049629384 | 0.9998566513761468 | 0.21776529188454152 | 0.9545 | 5.310556428909302 | 0.2565 | -42.670249938964844
169 | 0.0020265911738900893 | 0.9998566513761468 | 0.22173408001661302 | 0.9535 | 5.416135377883911 | 0.2445 | -39.419761657714844
170 | 0.002416646985151301 | 0.9998566513761468 | 0.22753521068394184 | 0.9565 | 5.899497955322266 | 0.2475 | -42.65399169921875
171 | 0.0020746814435211205 | 0.9998566513761468 | 0.21706674659252168 | 0.956 | 5.584580924987793 | 0.245 | -40.798683166503906
172 | 0.0024163611569664005 | 0.9997133027522935 | 0.21126765093114228 | 0.9575 | 5.440257743835449 | 0.2525 | -39.31178283691406
173 | 0.002578208865138591 | 0.9997133027522935 | 0.2492218218371272 | 0.9565 | 6.170720859527588 | 0.239 | -40.173500061035156
174 | 0.006899294747550194 | 0.9978497706422018 | 0.3096059579104185 | 0.9515 | 7.099068092346191 | 0.2405 | -70.44514465332031
175 | 0.011358405217416734 | 0.9964162844036697 | 0.21950111696124078 | 0.9505 | 5.435343130111694 | 0.256 | -84.2717514038086
176 | 0.0028093147772169937 | 0.9995699541284404 | 0.221960971750319 | 0.956 | 5.861123531341553 | 0.2525 | -53.16123962402344
177 | 0.0020906903910228487 | 0.9998566513761468 | 0.20604840715497266 | 0.956 | 5.245403057098389 | 0.2555 | -47.025569915771484
178 | 0.0018176510647033265 | 0.9998566513761468 | 0.2272296637184918 | 0.9575 | 5.276880756378174 | 0.254 | -43.411842346191406
179 | 0.0019304060175322816 | 0.9998566513761468 | 0.2100102961063385 | 0.9555 | 5.1665225563049315 | 0.246 | -45.62018585205078
180 | 0.0016948781018957086 | 0.9998566513761468 | 0.21000118744373322 | 0.956 | 5.094242465972901 | 0.251 | -39.62392044067383
181 | 0.0015837904781427815 | 0.9998566513761468 | 0.21084822982549667 | 0.955 | 5.504602169036866 | 0.2455 | -38.76771545410156
182 | 0.0019093698796863164 | 0.9998566513761468 | 0.2178653604388237 | 0.955 | 5.209798217773438 | 0.247 | -34.7352409362793
183 | 0.0017251252478956236 | 1.0 | 0.21742833584547042 | 0.956 | 5.792872169494629 | 0.25 | -37.86769485473633
184 | 0.0020879820290121993 | 0.9997133027522935 | 0.22882033920288086 | 0.9505 | 5.416864967346191 | 0.241 | -42.736045837402344
185 | 0.0019486426069281586 | 0.9998566513761468 | 0.2112709845304489 | 0.9545 | 5.422470138549805 | 0.256 | -39.49766540527344
186 | 0.0016944364181595828 | 0.9998566513761468 | 0.22419609922170639 | 0.9525 | 5.743748390197754 | 0.2305 | -33.946163177490234
187 | 0.001637310544755139 | 0.9998566513761468 | 0.2114923452474177 | 0.9545 | 5.430885992050171 | 0.244 | -35.54476547241211
188 | 0.002473422270876979 | 0.9997133027522935 | 0.2276797862648964 | 0.956 | 6.014187065124512 | 0.256 | -34.536582946777344
189 | 0.01752613490613481 | 0.9956995412844036 | 0.5078258166201358 | 0.938 | 9.111129501342774 | 0.218 | -54.116119384765625
190 | 0.02995949308351013 | 0.9922591743119266 | 0.3192391871679574 | 0.948 | 7.708196033477783 | 0.255 | -143.21682739257812
191 | 0.009613640512082909 | 0.9974197247706422 | 0.26354332714341583 | 0.951 | 6.504942718505859 | 0.255 | -89.65495300292969
192 | 0.003485959892814291 | 0.9991399082568807 | 0.2541555805578828 | 0.9585 | 6.841601543426513 | 0.268 | -69.9856948852539
193 | 0.0024133389483263646 | 0.9998566513761468 | 0.22852875569462777 | 0.954 | 5.918285148620606 | 0.255 | -54.51814270019531
194 | 0.0019186703029511617 | 0.9998566513761468 | 0.22470895389467477 | 0.9585 | 5.722691957473755 | 0.2615 | -47.46800231933594
195 | 0.0018053895135948417 | 0.9998566513761468 | 0.22358720974624158 | 0.953 | 5.538710231781006 | 0.2565 | -44.19091033935547
196 | 0.0021367060782071716 | 0.9998566513761468 | 0.2219612785279751 | 0.9535 | 5.380738807678223 | 0.2545 | -39.13737869262695
197 | 0.0017892609400046698 | 0.9998566513761468 | 0.2178665880522458 | 0.9515 | 5.302861362457276 | 0.2485 | -41.289432525634766
198 | 0.0016856603153528424 | 0.9998566513761468 | 0.22888501873612405 | 0.9555 | 5.513786540985107 | 0.249 | -40.07831954956055
199 | 0.001480034979192728 | 0.9998566513761468 | 0.2259279011040926 | 0.955 | 5.381919372558594 | 0.2465 | -35.295536041259766
200 | 0.0015449354496096697 | 0.9998566513761468 | 0.21856268686056138 | 0.952 | 5.271505611419678 | 0.248 | -35.33618927001953
201 | 0.0014418680933752704 | 0.9998566513761468 | 0.22745118680596352 | 0.9545 | 5.499900772094726 | 0.2495 | -29.515974044799805
202 | 0.0018090895842226785 | 0.9998566513761468 | 0.22147365810303019 | 0.9565 | 5.395964454650879 | 0.254 | -35.38351058959961
203 | 0.0014056658432092689 | 0.9998566513761468 | 0.22208259278535844 | 0.9535 | 5.6781237449646 | 0.2435 | -36.33854293823242
204 | 0.0020065577401685605 | 0.9998566513761468 | 0.2212271502763033 | 0.955 | 5.67654252243042 | 0.2475 | -32.454952239990234
205 | 0.001868354520144223 | 0.9997133027522935 | 0.221084351092577 | 0.9545 | 5.457515146255493 | 0.243 | -34.250099182128906
206 | 0.0021368093188390684 | 0.9998566513761468 | 0.22657175517827272 | 0.954 | 5.445826194763184 | 0.253 | -33.44931411743164
207 | 0.0014015951331645044 | 0.9998566513761468 | 0.21973395270109178 | 0.954 | 5.750089302062988 | 0.252 | -30.877092361450195
208 | 0.00148679523802482 | 0.9998566513761468 | 0.21879413303732873 | 0.9535 | 5.533936153411865 | 0.2485 | -36.72941589355469
209 | 0.001564826043867378 | 0.9998566513761468 | 0.22424069425836204 | 0.9575 | 5.671164184570313 | 0.2525 | -31.596651077270508
210 | 0.0013906933095438594 | 0.9998566513761468 | 0.22526567750540563 | 0.9555 | 5.83209103012085 | 0.2425 | -30.235015869140625
211 | 0.0015133511234467867 | 0.9998566513761468 | 0.24809860791265964 | 0.9515 | 6.119596473693847 | 0.2375 | -29.670398712158203
212 | 0.0023725676429596806 | 0.9997133027522935 | 0.2794476188868284 | 0.952 | 7.072211631774902 | 0.225 | -39.140174865722656
213 | 0.03115308829319057 | 0.9916857798165137 | 0.43806804352905604 | 0.943 | 9.569934875488281 | 0.2295 | -92.41642761230469
214 | 0.016247837353816016 | 0.994552752293578 | 0.31934084321605044 | 0.9555 | 8.557091758728028 | 0.2645 | -102.45874786376953
215 | 0.004685726783672506 | 0.9984231651376146 | 0.30614845293946563 | 0.95 | 7.056431652069092 | 0.261 | -85.69387817382812
216 | 0.004103987376757528 | 0.9994266055045872 | 0.23697016870975493 | 0.953 | 6.1287131690979 | 0.2635 | -65.91471099853516
217 | 0.0023782656512302217 | 0.9997133027522935 | 0.23173318827152253 | 0.9565 | 5.986466789245606 | 0.2575 | -47.012413024902344
218 | 0.0018627537129267434 | 0.9998566513761468 | 0.250425772190094 | 0.9555 | 6.261270229339599 | 0.255 | -45.88603591918945
219 | 0.0016892043329773197 | 0.9998566513761468 | 0.22357101371884347 | 0.9555 | 5.716074928283692 | 0.258 | -43.869903564453125
220 | 0.001560854105013978 | 0.9998566513761468 | 0.23153527903556823 | 0.956 | 5.779465835571289 | 0.2565 | -39.61125183105469
221 | 0.0016966218398745095 | 0.9998566513761468 | 0.23674306382238866 | 0.956 | 5.9737551879882815 | 0.2455 | -39.07765197753906
222 | 0.0015450852016337352 | 0.9998566513761468 | 0.22127537769079209 | 0.9535 | 5.657853374481201 | 0.253 | -36.94277572631836
223 | 0.0013430835438866613 | 0.9998566513761468 | 0.22602788757532835 | 0.957 | 5.9066994094848635 | 0.247 | -32.966548919677734
224 | 0.0013608541406387755 | 0.9998566513761468 | 0.21798524674773218 | 0.9535 | 5.687561050415039 | 0.2465 | -32.6570930480957
225 | 0.0014324967387354497 | 0.9998566513761468 | 0.23150635411590337 | 0.955 | 5.994708992004394 | 0.239 | -31.410512924194336
226 | 0.001278202759941459 | 1.0 | 0.22657448582351208 | 0.955 | 5.903956634521484 | 0.2405 | -29.317302703857422
227 | 0.0012901176887013257 | 0.9998566513761468 | 0.21521371522545815 | 0.954 | 5.640233062744141 | 0.241 | -30.396350860595703
228 | 0.0013638276218569095 | 0.9998566513761468 | 0.2253047912120819 | 0.9555 | 5.903922218322754 | 0.244 | -30.11450958251953
229 | 0.0019224981970683492 | 0.9997133027522935 | 0.2503470554891974 | 0.952 | 6.199558641433716 | 0.2365 | -29.182758331298828
230 | 0.003286260413539963 | 0.9994266055045872 | 0.2971436356306076 | 0.951 | 6.353041038513184 | 0.2435 | -39.21392059326172
231 | 0.030046399323367983 | 0.9928325688073395 | 0.3259660582989454 | 0.949 | 7.4181236572265625 | 0.243 | -77.68972778320312
232 | 0.007572492104773452 | 0.997993119266055 | 0.23600973963737487 | 0.957 | 6.214915901184082 | 0.27 | -95.09075927734375
233 | 0.0035644522422194104 | 0.9995699541284404 | 0.22639404284209014 | 0.954 | 5.512045188903809 | 0.263 | -57.34761047363281
234 | 0.002428593838677118 | 0.9998566513761468 | 0.229470525322482 | 0.957 | 5.445361045837402 | 0.267 | -52.72755432128906
235 | 0.00204355945893982 | 0.9998566513761468 | 0.21643326890468598 | 0.956 | 5.247964298248291 | 0.2665 | -48.60023880004883
236 | 0.0017351063183047425 | 0.9998566513761468 | 0.2289984097480774 | 0.952 | 5.5608577651977535 | 0.2585 | -41.255088806152344
237 | 0.0016171999260731931 | 0.9998566513761468 | 0.24778419768810273 | 0.9475 | 5.652212703704834 | 0.2605 | -34.45802688598633
238 | 0.001436702312726459 | 1.0 | 0.22787637655436993 | 0.9535 | 5.772616359710693 | 0.2425 | -35.08388900756836
239 | 0.0016450929931266696 | 0.9998566513761468 | 0.22180103024840356 | 0.9565 | 5.537196937561035 | 0.25 | -40.28384780883789
240 | 0.0014149595344110195 | 0.9998566513761468 | 0.2288272538613528 | 0.952 | 5.461042190551757 | 0.25 | -35.183441162109375
241 | 0.001700934459756496 | 0.9998566513761468 | 0.2276833124011755 | 0.9535 | 5.362989719390869 | 0.26 | -31.742618560791016
242 | 0.0027237737954112513 | 0.9998566513761468 | 0.23187678672373294 | 0.956 | 5.926712867736817 | 0.254 | -41.969886779785156
243 | 0.001927868607283117 | 0.9998566513761468 | 0.23422801518440248 | 0.952 | 5.847252277374268 | 0.2525 | -40.73615646362305
244 | 0.001524296521509297 | 0.9998566513761468 | 0.2234585413262248 | 0.9515 | 5.628793243408203 | 0.25 | -33.993919372558594
245 | 0.001490702125745283 | 0.9998566513761468 | 0.2253694568872452 | 0.953 | 5.504077808380127 | 0.2465 | -31.189132690429688
246 | 0.005523149311607127 | 0.9987098623853211 | 0.29795838582515716 | 0.95 | 6.8649472122192385 | 0.2525 | -41.217037200927734
247 | 0.014422269601926503 | 0.9939793577981652 | 0.2885958152413368 | 0.955 | 6.900448921203613 | 0.2545 | -68.34220123291016
248 | 0.00551213739400328 | 0.9988532110091743 | 0.2769835264189169 | 0.952 | 6.550902191162109 | 0.264 | -55.41680908203125
249 | 0.002425282832059941 | 0.9997133027522935 | 0.2581117704957724 | 0.9565 | 6.234078968048096 | 0.2615 | -40.248077392578125
250 | 0.0017233380231869604 | 0.9998566513761468 | 0.2468008161485195 | 0.953 | 5.784642379760742 | 0.2545 | -36.48560333251953
251 | 0.0013983259313961986 | 1.0 | 0.24455224466323852 | 0.9525 | 5.734009788513184 | 0.2585 | -32.30331039428711
252 | 0.001516004266012289 | 0.9998566513761468 | 0.23807262471318244 | 0.9525 | 5.765404621124268 | 0.252 | -30.339942932128906
253 | 0.0018670671726811951 | 0.9997133027522935 | 0.23370016263611615 | 0.9545 | 5.810875907897949 | 0.2505 | -30.02968978881836
254 | 0.0014375176116794245 | 0.9998566513761468 | 0.22858564208447935 | 0.9565 | 5.6608979034423825 | 0.2535 | -28.653860092163086
255 | 0.0012434453470098418 | 1.0 | 0.23001358092576266 | 0.954 | 5.657425548553467 | 0.2545 | -27.3868350982666
256 | 0.0011693080686942733 | 1.0 | 0.23308442329592072 | 0.954 | 5.65264208984375 | 0.2555 | -26.06631851196289
257 | 0.0011338105992896807 | 1.0 | 0.23666080667078496 | 0.952 | 5.610327442169189 | 0.2505 | -25.257108688354492
258 | 0.001205096032241906 | 1.0 | 0.23308038990199567 | 0.9525 | 5.658137542724609 | 0.249 | -24.408761978149414
259 | 0.001139697308786675 | 1.0 | 0.23501336282491683 | 0.952 | 5.689168495178222 | 0.247 | -24.396989822387695
260 | 0.0011369238456459118 | 0.9998566513761468 | 0.23860230080783368 | 0.953 | 5.521358642578125 | 0.251 | -23.43971061706543
261 | 0.0013265215484436106 | 0.9998566513761468 | 0.23907325220108033 | 0.9495 | 5.654261917114257 | 0.2415 | -24.8143253326416
262 | 0.0010739556220552345 | 0.9998566513761468 | 0.23604601664096117 | 0.952 | 5.716918853759766 | 0.247 | -23.153993606567383
263 | 0.001594977179935219 | 0.9997133027522935 | 0.24085960119310768 | 0.9525 | 5.964559791564941 | 0.2495 | -25.222497940063477
264 | 0.0012285311691945743 | 0.9998566513761468 | 0.2542484848797321 | 0.9545 | 6.149345237731934 | 0.2435 | -22.98316192626953
265 | 0.04269291609737952 | 0.9901089449541285 | 0.45910163106769325 | 0.951 | 8.751373344421387 | 0.223 | -75.13333892822266
266 | 0.012750273960716745 | 0.9959862385321101 | 0.3547088131662458 | 0.9495 | 6.646541870117187 | 0.256 | -91.33657836914062
267 | 0.006598234295253877 | 0.9984231651376146 | 0.316274823226966 | 0.954 | 6.703425510406494 | 0.2605 | -62.1632194519043
268 | 0.004249644743699427 | 0.9988532110091743 | 0.2629100357890129 | 0.9595 | 6.348422599792481 | 0.2655 | -51.949398040771484
269 | 0.002169059414615205 | 0.9992832568807339 | 0.2490748188327998 | 0.956 | 5.924356328964233 | 0.267 | -44.880348205566406
270 | 0.0015168675781417759 | 0.9998566513761468 | 0.24648021695762873 | 0.9575 | 5.863587142944336 | 0.2585 | -36.0556755065918
271 | 0.0013413387975535877 | 0.9998566513761468 | 0.23000750708580017 | 0.9575 | 5.6770160789489745 | 0.258 | -33.011940002441406
272 | 0.0012957254916519233 | 0.9998566513761468 | 0.23400105354189873 | 0.957 | 5.723799430847168 | 0.267 | -29.46327781677246
273 | 0.0012680310056408133 | 0.9998566513761468 | 0.24248895381391047 | 0.9545 | 5.529270788192749 | 0.2565 | -28.47275733947754
274 | 0.001263402242997422 | 0.9998566513761468 | 0.23679629862308502 | 0.954 | 5.629412654876709 | 0.2525 | -27.040040969848633
275 | 0.001199608577768865 | 0.9998566513761468 | 0.2393059737533331 | 0.9535 | 5.636124753952027 | 0.2495 | -26.364648818969727
276 | 0.0012946068968756313 | 0.9998566513761468 | 0.2400626010298729 | 0.952 | 5.717753446578979 | 0.246 | -25.74632453918457
277 | 0.0010499665380130873 | 0.9998566513761468 | 0.23641921605542301 | 0.9505 | 5.546566402435302 | 0.248 | -25.081127166748047
278 | 0.001010665595542144 | 1.0 | 0.24229583474993704 | 0.9485 | 5.583403114318847 | 0.251 | -24.30644416809082
279 | 0.0009597743257406006 | 1.0 | 0.24342079252004623 | 0.9505 | 5.620675420761108 | 0.25 | -23.73685073852539
280 | 0.0010466175613104613 | 1.0 | 0.24689090818166734 | 0.9485 | 5.64582133102417 | 0.2455 | -23.212629318237305
281 | 0.0009936204932014876 | 1.0 | 0.24739311608672143 | 0.948 | 5.6141846694946285 | 0.246 | -22.768856048583984
282 | 0.0011231395089678431 | 0.9998566513761468 | 0.2538783333301544 | 0.951 | 5.757316589355469 | 0.245 | -22.61286163330078
283 | 0.0009202388264217474 | 1.0 | 0.2518228903412819 | 0.9525 | 5.775333480834961 | 0.244 | -22.12084197998047
284 | 0.0009174121214277666 | 0.9998566513761468 | 0.25514452912658453 | 0.952 | 5.689835639953613 | 0.2455 | -20.993873596191406
285 | 0.0008347525837811974 | 1.0 | 0.2556047584414482 | 0.949 | 5.8841714057922365 | 0.239 | -21.82358169555664
286 | 0.0008653120563361247 | 1.0 | 0.25200980054587124 | 0.9505 | 5.744209327697754 | 0.2415 | -21.075502395629883
287 | 0.0008399849907076414 | 1.0 | 0.25601198302209377 | 0.9485 | 5.88290168762207 | 0.2365 | -20.555301666259766
288 | 0.00084446372737715 | 1.0 | 0.2651847530603409 | 0.948 | 6.044344833374024 | 0.2345 | -20.242374420166016
289 | 0.0023766847703431803 | 0.9994266055045872 | 0.3298145420849323 | 0.9575 | 8.00943677520752 | 0.242 | -27.965965270996094
290 | 0.033459821981218864 | 0.9909690366972477 | 0.48265582098744925 | 0.954 | 11.267660255432128 | 0.217 | -113.00289154052734
291 | 0.015288434364294617 | 0.9956995412844036 | 0.37645905298367144 | 0.952 | 8.789178871154785 | 0.2375 | -95.00879669189453
292 | 0.0033208800443573485 | 0.9992832568807339 | 0.310530259013176 | 0.951 | 7.827820037841797 | 0.2425 | -58.52775955200195
293 | 0.002690138748805295 | 0.9992832568807339 | 0.2916504274904728 | 0.95 | 6.321530403137207 | 0.2655 | -42.450130462646484
294 | 0.0026332115089769664 | 0.9991399082568807 | 0.30847507029771803 | 0.9495 | 6.208334476470947 | 0.2445 | -46.787384033203125
295 | 0.0017132133108226223 | 0.9997133027522935 | 0.25752835419774056 | 0.956 | 6.11469815826416 | 0.251 | -35.96881866455078
296 | 0.0015740824628748436 | 0.9998566513761468 | 0.25495240662246943 | 0.956 | 5.962465263366699 | 0.25 | -31.902097702026367
297 | 0.001376188797713364 | 0.9997133027522935 | 0.2925178506374359 | 0.9545 | 6.502707664489746 | 0.2595 | -29.749187469482422
298 | 0.0012584902412085069 | 0.9998566513761468 | 0.2518435277754907 | 0.9545 | 5.858994430541992 | 0.253 | -32.928340911865234
299 | 0.0014084885073099456 | 0.9998566513761468 | 0.2447139224410057 | 0.953 | 5.944429428100586 | 0.248 | -27.3468074798584
